2
7
8
2
4
9
9
2
1
3
4
6
9
10
8
9
5
9
5
7
10
2
2
2
3
3
9
10
5
2
7
6
7
2
5
9
9
2
3
10
10
8
7
2
4
4
3
1
4
4
{1: [608, 411, 271, 553, 200, 633, 721, 926, 768, 464, 462, 173, 543, 191, 588, 196, 975, 104, 153, 983, 339, 532, 889, 883, 649, 947, 741, 556, 424, 679, 138, 855, 675, 779, 122, 553, 469, 383, 596, 415, 521, 114, 404, 533, 653, 408, 821, 707, 657, 461, 859, 601, 846, 181, 809, 197, 277, 646, 717, 224, 832, 199, 607, 542, 722, 947, 512, 765, 508, 479, 817, 322, 234, 345, 365, 289, 336, 179, 831, 497, 897, 686, 629, 498, 725, 377, 634, 970, 106, 294, 411, 749, 458, 237, 302, 344, 785, 462, 962, 123, 552, 955, 744, 184, 172, 642, 967, 382, 982, 117, 911, 169, 528, 431, 411, 930, 873, 633, 322, 799, 449, 155, 194, 321, 211, 938, 321, 504, 498, 224, 714, 114, 355, 467, 146, 956, 901, 551, 953, 435, 323, 525, 645, 341, 713, 681, 224, 644, 242, 199, 660, 429, 930, 469, 905, 804, 550, 189, 836, 812, 684, 999, 909, 726, 762, 822, 826, 703, 334, 198, 901, 241, 168, 560, 970, 116, 478, 849, 909, 506, 733, 747, 465, 282, 992, 473, 984, 330, 532, 205, 945, 333, 699, 865, 946, 456, 683, 542, 913, 771, 207, 829, 121, 703, 493, 246, 921, 974, 156, 650, 133, 114, 720, 578, 302, 119, 978, 462, 344, 338, 729, 174, 683, 867, 990, 158, 658, 867, 788, 410, 895, 752, 405, 565, 756, 368, 125, 872, 420, 850, 200, 411, 553, 861, 181, 154, 345, 609, 529, 628, 318, 709, 144, 961, 904, 359, 359, 793, 833, 895, 285, 956, 917, 654, 565, 913, 481, 176, 763, 778, 197, 415, 930, 185, 459, 189, 110, 834, 459, 312, 616, 964, 233, 415, 602, 746, 954, 890, 237], 2: [633, 924, 656, 635, 729, 285, 480, 848, 217, 537, 568, 777, 602, 166, 902, 175, 348, 710, 835, 767, 184, 884, 731, 967, 720, 834, 301, 926, 905, 169, 787, 393, 142, 691, 798, 975, 821, 219, 166, 158, 613, 163, 615, 741, 381, 590, 497, 958, 391, 133, 242, 480, 967, 638, 939, 594, 767, 556, 274, 317, 221, 570, 842, 927, 893, 352, 686, 223, 567, 236, 402, 319, 201, 405, 623, 830, 835, 381, 187, 155, 920, 138, 395, 443, 960, 744, 909, 646, 747, 621, 633, 104, 503, 710, 315, 834, 606, 689, 360, 589, 714, 994, 313, 225, 420, 632, 398, 312, 372, 215, 967, 832, 967, 467, 368, 682, 297, 915, 951, 816, 950, 431, 275, 565, 202, 101, 849, 620, 394, 857, 513, 201, 469, 276, 247, 436, 826, 726, 635, 793, 619, 182, 149, 639, 927, 229, 312, 571, 522, 536, 933, 618, 305, 130, 544, 323, 222, 181, 689, 776, 584, 905, 808, 814, 162, 257, 981, 103, 195, 612, 110, 418, 233, 239, 200, 557, 602, 230, 500, 731, 438, 715, 388, 695, 806, 432, 742, 639, 527, 133, 543, 793, 959, 921, 306, 365, 116, 957, 520, 949, 311, 532, 115, 958, 143, 962, 779, 381, 119, 732, 565, 198, 912, 887, 625, 272, 773, 897, 622, 576, 492, 967, 318, 993, 781, 819, 214, 132, 580, 901, 905, 938, 444, 361, 876, 450, 335, 483, 347, 194, 418, 609, 608, 713, 743, 947, 221, 284, 129, 140, 337, 959, 470, 920, 417, 559, 446, 967, 881, 169, 719, 881, 249, 288, 298, 576, 664, 724, 252, 639, 326, 220, 117, 766, 915, 753, 780, 784, 611, 967, 243, 504, 735, 738, 373, 917, 908, 334, 375], 3: [105, 863, 524, 872, 799, 480, 623, 601, 221, 953, 149, 482, 847, 249, 196, 176, 554, 322, 541, 672, 994, 250, 336, 597, 260, 463, 614, 518, 710, 458, 978, 386, 520, 487, 203, 807, 315, 789, 805, 386, 458, 976, 231, 571, 294, 375, 257, 739, 457, 777, 582, 107, 644, 278, 922, 101, 509, 487, 594, 542, 530, 971, 115, 739, 122, 709, 881, 566, 248, 316, 293, 472, 395, 257, 651, 353, 928, 894, 990, 389, 308, 245, 655, 559, 925, 171, 889, 727, 243, 134, 258, 102, 327, 257, 922, 914, 591, 325, 872, 257, 999, 630, 448, 944, 374, 816, 653, 886, 460, 991, 481, 388, 825, 442, 705, 152, 457, 220, 129, 635, 203, 626, 685, 110, 245, 183, 143, 930, 443, 587, 195, 762, 885, 202, 257, 844, 849, 530, 979, 698, 210, 850, 305, 819, 531, 863, 419, 528, 228, 270, 257, 562, 204, 929, 113, 318, 796, 855, 150, 705, 798, 855, 257, 564, 718, 790, 703, 805, 681, 952, 253, 876, 998, 796, 257, 852, 593, 187, 378, 826, 779, 602, 915, 723, 495, 752, 585, 474, 152, 521, 902, 937, 451, 662, 675, 327, 495, 148, 459, 420, 405, 917, 838, 860, 382, 433, 714, 532, 529, 806, 491, 341, 128, 344, 939, 707, 115, 289, 855, 796, 740, 739, 208, 104, 609, 908, 736, 396, 289, 706, 737, 597, 407, 162, 114, 954, 715, 606, 437, 459, 149, 206, 293, 866, 417, 251, 405, 572, 863, 833, 609, 467, 592, 291, 165, 350, 596, 176, 596, 915, 192, 268, 281, 417, 404, 488, 566, 789, 785, 953, 102, 881, 716, 390, 611, 599, 454, 891, 555, 825, 387, 709, 158, 288, 985, 214, 281, 295, 468], 4: [756, 958, 151, 744, 156, 195, 628, 206, 766, 389, 818, 294, 644, 189, 834, 825, 453, 315, 213, 937, 746, 490, 716, 524, 960, 641, 764, 690, 801, 741, 110, 837, 112, 551, 626, 585, 159, 303, 123, 411, 621, 779, 259, 486, 675, 954, 440, 461, 844, 159, 124, 611, 560, 585, 432, 266, 659, 318, 523, 243, 327, 301, 532, 688, 424, 846, 233, 232, 974, 583, 286, 111, 401, 256, 540, 266, 534, 133, 290, 745, 137, 515, 795, 265, 426, 601, 448, 325, 343, 280, 741, 240, 156, 492, 376, 755, 463, 461, 584, 834, 953, 941, 973, 723, 334, 473, 208, 401, 893, 689, 805, 570, 107, 296, 880, 877, 499, 562, 727, 341, 814, 866, 546, 992, 826, 342, 701, 745, 417, 843, 516, 515, 574, 453, 738, 994, 390, 813, 996, 678, 485, 386, 337, 833, 916, 562, 373, 739, 702, 431, 255, 438, 624, 422, 706, 467, 481, 187, 438, 163, 723, 948, 999, 754, 178, 893, 503, 318, 808, 736, 226, 277, 242, 979, 418, 308, 650, 702, 429, 311, 455, 356, 949, 683, 415, 586, 961, 678, 914, 453, 942, 427, 324, 528, 378, 656, 219, 651, 792, 887, 935, 631, 340, 453, 985, 680, 581, 518, 513, 929, 153, 277, 917, 795, 166, 186, 263, 456, 806, 455, 453, 385, 809, 545, 990, 444, 492, 647, 729, 695, 102, 363, 356, 657, 953, 627, 991, 297, 876, 100, 376, 299, 486, 555, 974, 321, 720, 169, 652, 861, 509, 706, 745, 959, 560, 203, 344, 485, 564, 228, 825, 795, 229, 197, 398, 418, 543, 102, 926, 607, 805, 148, 812, 700, 860, 186, 736, 370, 760, 432, 569, 664, 867, 763, 232, 861, 842, 370, 683], 5: [853, 260, 557, 966, 489, 136, 408, 601, 913, 949, 789, 963, 203, 866, 191, 331, 289, 704, 423, 105, 246, 187, 465, 205, 303, 401, 222, 328, 897, 574, 181, 213, 556, 502, 729, 608, 110, 494, 466, 674, 520, 433, 753, 736, 263, 437, 252, 653, 538, 156, 446, 975, 300, 290, 449, 253, 459, 333, 123, 155, 545, 580, 676, 702, 706, 988, 103, 175, 194, 851, 997, 811, 173, 601, 839, 847, 631, 216, 595, 724, 849, 172, 105, 366, 285, 900, 274, 800, 678, 977, 865, 972, 763, 171, 565, 939, 648, 808, 935, 968, 262, 225, 213, 318, 695, 405, 887, 461, 268, 636, 223, 485, 870, 959, 675, 390, 890, 597, 330, 511, 331, 580, 233, 557, 497, 687, 408, 355, 207, 918, 557, 204, 978, 220, 126, 114, 781, 133, 634, 246, 336, 954, 945, 591, 135, 652, 343, 240, 824, 144, 473, 762, 397, 842, 235, 675, 220, 919, 161, 237, 748, 121, 188, 132, 824, 164, 611, 396, 810, 867, 383, 355, 886, 681, 302, 651, 102, 744, 804, 388, 744, 198, 986, 731, 927, 994, 886, 434, 768, 848, 494, 144, 332, 269, 994, 491, 285, 672, 916, 370, 690, 601, 337, 647, 853, 951, 864, 619, 719, 751, 713, 362, 747, 359, 922, 560, 379, 975, 815, 363, 170, 554, 856, 604, 394, 995, 172, 580, 885, 330, 110, 979, 950, 538, 675, 778, 987, 964, 891, 970, 749, 287, 407, 220, 132, 144, 762, 900, 714, 268, 861, 305, 499, 109, 656, 880, 194, 796, 358, 117, 951, 647, 485, 768, 140, 750, 867, 435, 665, 436, 233, 844, 894, 391, 566, 292, 132, 133, 355, 722, 685, 830, 164, 244, 467, 862, 680, 343, 888], 6: [927, 633, 496, 279, 637, 620, 861, 317, 546, 397, 506, 622, 580, 904, 864, 318, 555, 582, 342, 516, 521, 749, 669, 969, 254, 146, 149, 893, 860, 803, 559, 335, 920, 774, 578, 547, 517, 976, 655, 660, 923, 547, 139, 796, 567, 593, 416, 436, 911, 436, 506, 648, 198, 687, 900, 165, 300, 866, 468, 388, 545, 748, 796, 923, 289, 208, 206, 663, 639, 601, 565, 608, 587, 486, 256, 110, 147, 858, 270, 533, 345, 656, 126, 223, 564, 581, 296, 773, 720, 453, 462, 927, 580, 854, 883, 734, 568, 700, 232, 632, 483, 471, 715, 316, 701, 885, 370, 765, 184, 642, 443, 123, 241, 580, 698, 874, 149, 412, 170, 777, 126, 977, 902, 216, 383, 868, 752, 580, 320, 319, 849, 346, 102, 715, 927, 363, 214, 167, 845, 502, 266, 301, 362, 689, 686, 260, 996, 711, 167, 929, 828, 389, 326, 266, 607, 342, 510, 870, 107, 273, 387, 578, 744, 766, 803, 574, 727, 518, 580, 303, 980, 521, 833, 707, 517, 274, 537, 661, 368, 309, 177, 261, 637, 179, 287, 285, 636, 926, 718, 880, 510, 606, 580, 986, 801, 965, 507, 241, 244, 484, 791, 244, 416, 562, 871, 967, 182, 175, 515, 135, 326, 725, 580, 342, 749, 825, 508, 922, 762, 645, 410, 464, 846, 580, 940, 521, 329, 124, 279, 561, 274, 843, 787, 356, 862, 958, 130, 942, 893, 354, 402, 230, 828, 607, 880, 633, 291, 688, 117, 696, 447, 226, 831, 952, 986, 395, 213, 453, 862, 747, 122, 753, 930, 969, 609, 433, 338, 901, 661, 291, 160, 298, 717, 748, 499, 952, 779, 726, 777, 366, 495, 197, 378, 963, 375, 297, 766, 580, 423], 7: [881, 934, 242, 953, 859, 579, 152, 608, 874, 706, 851, 654, 292, 463, 687, 105, 957, 677, 223, 523, 113, 425, 463, 900, 233, 223, 344, 631, 868, 105, 705, 784, 281, 626, 715, 652, 553, 393, 892, 557, 520, 331, 895, 364, 915, 234, 795, 528, 406, 635, 820, 265, 391, 515, 507, 123, 523, 206, 798, 517, 312, 126, 335, 348, 234, 476, 379, 302, 795, 585, 753, 986, 262, 783, 259, 766, 324, 809, 290, 540, 145, 306, 198, 323, 523, 816, 523, 916, 657, 860, 444, 965, 492, 418, 961, 818, 709, 188, 919, 645, 429, 296, 499, 105, 235, 455, 289, 173, 590, 370, 519, 648, 523, 261, 476, 420, 418, 294, 261, 564, 545, 168, 523, 155, 441, 472, 514, 809, 727, 727, 637, 538, 322, 472, 408, 763, 428, 843, 401, 195, 870, 459, 281, 188, 725, 868, 602, 523, 985, 221, 104, 125, 538, 607, 216, 753, 921, 703, 307, 528, 497, 551, 318, 522, 329, 729, 100, 520, 660, 177, 744, 800, 607, 957, 773, 803, 955, 175, 380, 131, 834, 517, 708, 392, 833, 638, 907, 934, 406, 598, 386, 850, 755, 848, 464, 789, 891, 909, 618, 688, 493, 580, 143, 123, 318, 121, 532, 421, 111, 657, 143, 836, 676, 737, 728, 539, 546, 133, 536, 239, 760, 605, 210, 780, 386, 802, 523, 889, 523, 115, 776, 752, 555, 872, 676, 632, 992, 657, 229, 171, 378, 877, 391, 834, 314, 266, 368, 767, 172, 573, 315, 961, 959, 583, 398, 962, 208, 976, 825, 606, 765, 872, 567, 530, 358, 357, 463, 763, 521, 193, 476, 648, 357, 217, 669, 519, 530, 622, 297, 504, 643, 807, 564, 485, 507, 916, 610, 167, 492], 8: [153, 510, 636, 528, 520, 531, 822, 360, 536, 896, 869, 756, 385, 591, 880, 557, 918, 603, 868, 429, 511, 786, 310, 280, 348, 639, 948, 802, 176, 702, 999, 182, 815, 598, 669, 142, 828, 418, 493, 108, 755, 709, 988, 751, 413, 905, 498, 846, 719, 422, 135, 519, 710, 481, 624, 301, 266, 436, 604, 858, 542, 603, 356, 350, 205, 227, 466, 641, 635, 767, 866, 768, 842, 565, 389, 484, 750, 540, 529, 257, 436, 701, 574, 507, 367, 128, 957, 373, 886, 528, 442, 721, 633, 346, 754, 645, 567, 682, 721, 677, 275, 457, 754, 597, 752, 694, 222, 505, 986, 164, 169, 796, 639, 162, 290, 743, 757, 152, 154, 736, 695, 376, 220, 213, 887, 145, 386, 321, 748, 438, 318, 432, 419, 716, 946, 335, 116, 701, 148, 625, 170, 311, 460, 444, 301, 547, 827, 326, 321, 403, 182, 142, 868, 283, 862, 703, 382, 977, 429, 680, 989, 783, 893, 614, 118, 135, 614, 159, 619, 112, 366, 110, 789, 665, 736, 287, 770, 744, 655, 956, 712, 267, 134, 923, 785, 893, 834, 674, 651, 969, 975, 785, 825, 183, 191, 150, 769, 491, 767, 393, 548, 896, 101, 771, 996, 309, 787, 204, 299, 464, 836, 270, 793, 184, 929, 517, 964, 847, 425, 556, 636, 848, 860, 558, 417, 169, 141, 691, 495, 350, 679, 570, 175, 101, 745, 706, 979, 716, 362, 824, 449, 682, 143, 149, 921, 434, 628, 978, 488, 117, 860, 844, 535, 216, 709, 765, 366, 135, 954, 327, 965, 326, 519, 964, 865, 883, 309, 242, 559, 997, 956, 657, 585, 898, 150, 380, 264, 895, 710, 305, 945, 212, 240, 364, 233, 123, 414, 120, 342], 9: [451, 809, 386, 749, 879, 641, 128, 208, 156, 502, 685, 351, 263, 219, 776, 975, 743, 874, 332, 726, 184, 163, 657, 907, 448, 544, 295, 177, 797, 846, 606, 183, 492, 626, 840, 481, 460, 254, 219, 264, 710, 906, 302, 888, 147, 672, 271, 150, 335, 500, 201, 748, 276, 797, 756, 131, 452, 707, 678, 167, 234, 602, 613, 134, 721, 548, 486, 352, 684, 492, 507, 696, 788, 715, 277, 478, 788, 317, 833, 734, 828, 706, 705, 432, 550, 591, 470, 420, 185, 901, 661, 963, 896, 107, 305, 617, 806, 228, 227, 713, 321, 251, 925, 783, 519, 955, 860, 543, 319, 362, 149, 457, 343, 205, 941, 761, 921, 963, 458, 124, 738, 799, 984, 393, 196, 794, 289, 316, 809, 437, 729, 126, 939, 667, 850, 363, 580, 495, 202, 291, 197, 698, 547, 862, 479, 106, 134, 599, 702, 259, 982, 869, 124, 838, 729, 898, 857, 408, 797, 982, 203, 842, 900, 292, 869, 175, 566, 791, 831, 291, 701, 612, 772, 588, 839, 955, 854, 274, 242, 209, 636, 844, 961, 319, 739, 634, 758, 908, 203, 558, 326, 646, 270, 297, 147, 159, 753, 932, 670, 198, 437, 252, 339, 567, 236, 642, 648, 884, 632, 472, 989, 929, 704, 251, 691, 263, 334, 977, 453, 217, 496, 793, 566, 945, 691, 391, 661, 449, 933, 750, 993, 265, 616, 830, 424, 296, 102, 384, 477, 931, 439, 876, 309, 115, 487, 660, 945, 189, 100, 255, 230, 925, 335, 659, 469, 552, 983, 616, 624, 103, 306, 115, 816, 944, 258, 489, 962, 560, 117, 554, 622, 596, 944, 989, 665, 304, 817, 315, 727, 233, 380, 189, 447, 915, 171, 932, 235, 577, 213], 10: [821, 363, 208, 822, 183, 564, 756, 838, 136, 371, 696, 124, 914, 164, 960, 336, 209, 257, 233, 568, 350, 489, 527, 116, 414, 420, 688, 133, 492, 706, 781, 274, 552, 190, 801, 492, 588, 954, 606, 587, 466, 261, 590, 811, 600, 669, 926, 588, 707, 721, 967, 517, 908, 202, 351, 872, 373, 194, 301, 593, 533, 172, 621, 251, 894, 162, 579, 374, 689, 431, 973, 910, 881, 689, 600, 551, 707, 972, 386, 253, 436, 503, 707, 714, 659, 881, 852, 430, 280, 732, 575, 600, 166, 815, 404, 537, 369, 475, 901, 138, 646, 128, 192, 678, 335, 169, 851, 398, 848, 834, 820, 492, 229, 401, 385, 710, 954, 729, 435, 563, 474, 467, 160, 131, 612, 673, 379, 517, 556, 720, 349, 810, 692, 912, 541, 577, 303, 830, 334, 676, 659, 667, 856, 358, 773, 289, 418, 453, 545, 882, 972, 500, 656, 928, 705, 127, 749, 640, 295, 173, 289, 128, 514, 802, 624, 475, 405, 564, 617, 828, 835, 879, 490, 838, 972, 186, 327, 611, 419, 385, 832, 745, 649, 194, 308, 144, 880, 192, 462, 252, 676, 479, 659, 574, 958, 379, 376, 618, 912, 310, 765, 921, 950, 194, 996, 546, 833, 322, 723, 781, 723, 647, 704, 328, 736, 883, 242, 231, 167, 737, 638, 835, 690, 927, 182, 647, 735, 587, 255, 427, 384, 926, 906, 120, 187, 699, 941, 356, 789, 280, 477, 242, 214, 338, 546, 736, 887, 161, 393, 203, 808, 451, 749, 305, 985, 992, 831, 353, 821, 316, 161, 279, 192, 298, 730, 968, 757, 764, 102, 968, 517, 902, 869, 678, 873, 941, 956, 680, 652, 153, 186, 353, 358, 171, 242, 464, 586, 145, 595], 11: [981, 722, 830, 567, 548, 241, 376, 562, 479, 857, 111, 315, 630, 783, 938, 144, 735, 148, 417, 275, 591, 767, 843, 926, 445, 284, 594, 730, 367, 177, 108, 245, 374, 497, 680, 767, 373, 663, 415, 544, 486, 318, 928, 497, 540, 361, 762, 749, 999, 558, 617, 486, 932, 490, 625, 188, 555, 243, 115, 802, 314, 926, 767, 126, 950, 258, 571, 263, 642, 993, 732, 357, 386, 584, 331, 501, 349, 250, 394, 953, 445, 809, 798, 303, 209, 615, 827, 947, 872, 440, 182, 439, 887, 324, 824, 540, 116, 156, 880, 779, 551, 305, 985, 660, 191, 656, 475, 218, 299, 232, 323, 880, 655, 344, 600, 358, 119, 755, 901, 280, 707, 884, 582, 978, 843, 919, 708, 960, 248, 844, 958, 625, 611, 550, 362, 423, 540, 360, 941, 419, 449, 883, 754, 226, 446, 662, 677, 963, 963, 502, 798, 451, 277, 496, 383, 565, 604, 406, 478, 210, 393, 422, 657, 297, 916, 593, 736, 769, 540, 894, 405, 685, 264, 150, 678, 449, 245, 255, 449, 564, 912, 997, 971, 739, 469, 264, 880, 559, 616, 167, 524, 945, 370, 876, 218, 100, 145, 326, 439, 868, 855, 988, 503, 217, 450, 356, 897, 953, 406, 868, 852, 915, 646, 264, 379, 311, 887, 846, 582, 114, 346, 590, 600, 569, 347, 348, 299, 676, 834, 358, 395, 172, 157, 957, 265, 819, 989, 856, 815, 302, 429, 506, 595, 970, 470, 333, 739, 282, 690, 977, 493, 138, 529, 659, 707, 971, 105, 832, 712, 752, 311, 955, 241, 642, 587, 978, 519, 623, 201, 151, 679, 106, 841, 216, 399, 988, 176, 648, 288, 742, 637, 738, 257, 672, 274, 540, 791, 904, 647], 12: [848, 538, 147, 925, 987, 707, 603, 853, 164, 184, 997, 797, 397, 349, 946, 505, 308, 296, 567, 471, 349, 213, 398, 516, 108, 786, 319, 872, 533, 851, 904, 179, 987, 886, 913, 663, 295, 262, 465, 497, 999, 295, 634, 794, 918, 341, 232, 123, 267, 514, 309, 490, 416, 430, 297, 895, 885, 572, 429, 979, 293, 545, 563, 109, 680, 922, 365, 826, 123, 102, 281, 371, 254, 633, 571, 978, 393, 606, 938, 609, 281, 808, 558, 505, 702, 533, 319, 835, 714, 466, 632, 262, 946, 286, 184, 356, 741, 224, 678, 519, 212, 239, 261, 348, 148, 864, 266, 558, 699, 450, 833, 905, 207, 533, 318, 763, 698, 874, 583, 770, 655, 213, 821, 861, 211, 537, 915, 391, 453, 569, 362, 853, 254, 235, 728, 492, 814, 524, 312, 337, 985, 599, 103, 381, 844, 811, 409, 446, 156, 407, 729, 592, 540, 621, 603, 311, 734, 262, 855, 283, 462, 523, 262, 891, 666, 254, 754, 547, 427, 392, 752, 182, 748, 349, 204, 182, 751, 776, 445, 788, 851, 685, 750, 514, 602, 971, 238, 499, 789, 505, 636, 458, 401, 471, 808, 951, 341, 543, 968, 206, 853, 560, 262, 102, 920, 571, 910, 262, 464, 136, 168, 107, 828, 597, 244, 985, 958, 949, 850, 996, 132, 187, 769, 705, 433, 535, 862, 408, 375, 227, 845, 300, 126, 193, 176, 153, 887, 239, 681, 896, 531, 959, 755, 730, 915, 972, 633, 603, 389, 959, 851, 771, 163, 830, 144, 591, 987, 705, 877, 348, 486, 659, 350, 980, 597, 826, 320, 605, 696, 669, 849, 754, 486, 705, 749, 850, 317, 191, 524, 256, 275, 215, 592, 803, 975, 537, 409, 544, 817], 13: [163, 979, 144, 322, 174, 762, 273, 679, 245, 602, 752, 947, 463, 824, 474, 772, 503, 518, 746, 336, 470, 520, 512, 385, 857, 179, 179, 263, 959, 153, 219, 977, 396, 769, 475, 302, 758, 331, 276, 480, 410, 811, 480, 275, 673, 779, 237, 915, 110, 607, 351, 965, 773, 796, 651, 341, 406, 962, 122, 179, 179, 528, 190, 158, 481, 259, 296, 472, 753, 131, 994, 181, 288, 163, 268, 742, 689, 655, 205, 385, 400, 688, 537, 367, 748, 154, 179, 179, 678, 624, 105, 907, 858, 895, 760, 571, 942, 689, 833, 924, 449, 109, 654, 171, 605, 768, 822, 240, 732, 410, 215, 674, 710, 777, 377, 295, 507, 728, 824, 982, 168, 426, 745, 229, 329, 407, 272, 809, 960, 622, 385, 718, 802, 528, 990, 576, 834, 448, 179, 916, 481, 128, 405, 340, 173, 365, 893, 582, 875, 167, 727, 361, 268, 983, 790, 385, 610, 285, 526, 575, 613, 284, 284, 310, 378, 125, 331, 141, 509, 720, 431, 645, 930, 659, 977, 574, 163, 813, 670, 542, 608, 488, 400, 451, 890, 806, 199, 404, 278, 429, 490, 504, 393, 208, 394, 654, 747, 770, 808, 572, 448, 477, 879, 306, 965, 273, 719, 157, 418, 932, 226, 730, 997, 385, 268, 773, 940, 281, 960, 893, 912, 803, 904, 863, 670, 577, 927, 120, 368, 848, 129, 923, 969, 777, 337, 733, 179, 117, 103, 178, 948, 945, 127, 272, 923, 650, 700, 945, 632, 166, 550, 236, 892, 172, 122, 799, 817, 577, 533, 488, 866, 491, 318, 803, 179, 988, 923, 608, 631, 183, 329, 321, 685, 163, 312, 444, 235, 117, 997, 737, 397, 663, 396, 737, 636, 341, 192, 951, 213], 14: [510, 127, 926, 867, 461, 715, 187, 467, 215, 922, 630, 435, 947, 111, 460, 625, 760, 135, 239, 633, 950, 483, 266, 762, 561, 204, 196, 513, 522, 338, 800, 895, 496, 936, 392, 671, 660, 215, 432, 520, 431, 888, 981, 832, 952, 903, 875, 581, 557, 860, 142, 469, 284, 552, 217, 156, 631, 161, 556, 215, 779, 917, 608, 376, 219, 476, 310, 101, 600, 118, 576, 296, 343, 174, 532, 827, 742, 421, 158, 254, 997, 687, 307, 130, 338, 905, 341, 502, 354, 488, 426, 215, 926, 994, 778, 699, 391, 806, 168, 715, 354, 103, 530, 449, 603, 760, 575, 193, 625, 498, 860, 734, 485, 383, 982, 998, 386, 744, 304, 453, 556, 758, 339, 165, 863, 497, 116, 819, 966, 247, 739, 136, 713, 215, 815, 101, 225, 712, 387, 285, 211, 469, 262, 457, 551, 626, 283, 281, 829, 676, 928, 466, 931, 662, 648, 350, 366, 301, 461, 590, 320, 974, 110, 467, 260, 558, 794, 138, 810, 649, 965, 320, 729, 400, 522, 175, 488, 215, 771, 347, 182, 821, 571, 213, 894, 868, 357, 365, 670, 235, 988, 733, 901, 639, 280, 256, 357, 641, 188, 696, 215, 332, 983, 461, 950, 101, 979, 266, 677, 406, 264, 331, 731, 591, 598, 652, 612, 786, 155, 943, 963, 805, 391, 686, 819, 649, 305, 320, 912, 527, 766, 255, 999, 864, 873, 287, 507, 688, 902, 986, 215, 544, 993, 215, 246, 374, 945, 423, 387, 783, 828, 357, 664, 692, 611, 464, 642, 436, 310, 961, 149, 637, 405, 297, 244, 241, 725, 961, 121, 457, 881, 373, 643, 863, 676, 560, 215, 319, 348, 848, 925, 758, 118, 959, 920, 898, 555, 828, 386], 15: [817, 799, 840, 574, 799, 354, 538, 297, 497, 296, 963, 987, 155, 660, 429, 667, 313, 188, 937, 367, 928, 649, 832, 249, 959, 155, 836, 949, 832, 449, 609, 817, 398, 737, 721, 594, 488, 344, 445, 808, 100, 863, 591, 950, 243, 181, 306, 566, 663, 746, 963, 127, 149, 918, 974, 674, 555, 881, 995, 808, 150, 883, 751, 204, 746, 978, 902, 456, 302, 830, 688, 260, 693, 706, 632, 706, 471, 621, 925, 723, 827, 522, 263, 490, 130, 479, 448, 967, 431, 661, 314, 437, 225, 998, 796, 136, 832, 648, 842, 171, 138, 961, 586, 289, 316, 881, 549, 189, 958, 467, 900, 905, 632, 970, 375, 608, 782, 750, 447, 140, 459, 294, 129, 456, 293, 879, 229, 829, 847, 952, 584, 388, 579, 379, 823, 878, 858, 278, 230, 191, 569, 779, 164, 767, 407, 483, 705, 478, 370, 351, 846, 186, 394, 969, 294, 330, 323, 116, 659, 777, 140, 716, 602, 513, 181, 831, 958, 890, 925, 315, 524, 445, 359, 190, 706, 109, 706, 494, 111, 224, 172, 706, 325, 233, 517, 399, 647, 190, 444, 196, 648, 716, 966, 616, 690, 998, 261, 567, 479, 705, 941, 734, 150, 820, 177, 211, 262, 706, 298, 580, 677, 333, 608, 556, 389, 582, 375, 609, 189, 786, 117, 869, 286, 793, 728, 865, 290, 581, 711, 422, 331, 743, 706, 528, 512, 717, 469, 604, 323, 355, 735, 916, 445, 890, 436, 157, 657, 346, 168, 750, 686, 698, 734, 889, 398, 638, 769, 387, 158, 289, 698, 886, 430, 268, 627, 283, 476, 153, 539, 866, 812, 789, 427, 502, 453, 905, 426, 772, 393, 803, 495, 246, 642, 111, 570, 980, 678, 288, 706], 16: [341, 388, 316, 990, 889, 190, 278, 132, 416, 154, 127, 125, 333, 569, 829, 484, 933, 215, 405, 583, 911, 844, 791, 315, 295, 689, 439, 940, 797, 763, 833, 276, 473, 938, 313, 992, 510, 215, 656, 968, 383, 740, 559, 788, 795, 808, 433, 824, 960, 272, 927, 355, 303, 441, 949, 359, 990, 821, 672, 874, 748, 526, 788, 594, 594, 821, 133, 733, 764, 672, 453, 594, 594, 431, 185, 643, 501, 625, 252, 858, 662, 272, 594, 577, 976, 479, 432, 250, 268, 171, 450, 445, 156, 335, 686, 553, 313, 849, 119, 668, 961, 714, 112, 990, 111, 195, 489, 855, 740, 245, 633, 257, 159, 594, 237, 354, 345, 834, 958, 381, 374, 621, 300, 592, 666, 258, 221, 944, 594, 560, 504, 972, 974, 460, 988, 613, 574, 236, 278, 447, 112, 926, 540, 695, 881, 377, 678, 941, 140, 274, 967, 539, 214, 971, 549, 473, 289, 703, 562, 666, 958, 779, 478, 220, 109, 196, 480, 946, 705, 711, 872, 624, 821, 300, 501, 544, 148, 474, 675, 592, 716, 214, 962, 399, 126, 873, 595, 799, 574, 287, 994, 366, 169, 820, 695, 884, 674, 165, 824, 279, 486, 414, 773, 249, 364, 897, 691, 825, 261, 756, 282, 687, 803, 168, 166, 326, 147, 576, 508, 408, 856, 915, 563, 340, 976, 109, 466, 432, 348, 946, 659, 966, 289, 923, 996, 519, 956, 748, 594, 783, 983, 868, 751, 681, 420, 969, 594, 659, 882, 688, 642, 649, 544, 726, 971, 812, 458, 355, 123, 857, 154, 441, 225, 758, 815, 515, 858, 276, 573, 605, 325, 163, 988, 420, 521, 838, 428, 528, 881, 600, 389, 179, 396, 485, 767, 447, 974, 285, 855], 17: [866, 282, 555, 763, 648, 829, 998, 306, 467, 919, 313, 298, 705, 859, 743, 235, 201, 386, 953, 186, 919, 708, 351, 997, 747, 914, 174, 773, 416, 986, 838, 250, 547, 409, 162, 325, 153, 234, 670, 582, 224, 228, 485, 274, 304, 668, 871, 559, 599, 916, 542, 328, 297, 670, 857, 626, 922, 678, 364, 614, 579, 472, 516, 829, 860, 137, 692, 306, 913, 193, 720, 267, 943, 273, 865, 944, 242, 568, 743, 258, 832, 579, 294, 832, 907, 574, 207, 551, 236, 295, 669, 899, 393, 331, 505, 184, 864, 704, 732, 356, 502, 482, 107, 544, 544, 317, 743, 169, 265, 706, 773, 963, 690, 568, 825, 572, 291, 798, 341, 539, 721, 571, 503, 353, 897, 535, 794, 704, 604, 137, 922, 977, 902, 686, 693, 168, 111, 710, 284, 573, 699, 917, 284, 224, 386, 676, 389, 251, 624, 892, 647, 512, 769, 939, 854, 448, 567, 270, 582, 212, 231, 535, 400, 730, 294, 908, 717, 796, 867, 870, 586, 238, 701, 184, 601, 290, 574, 319, 385, 660, 388, 982, 677, 901, 657, 302, 370, 208, 502, 874, 277, 685, 561, 804, 314, 655, 995, 311, 615, 690, 602, 201, 961, 551, 472, 169, 855, 381, 498, 108, 126, 832, 694, 494, 317, 853, 454, 173, 649, 117, 591, 413, 276, 622, 338, 602, 603, 932, 253, 243, 448, 286, 485, 929, 847, 846, 229, 766, 943, 879, 241, 866, 987, 355, 279, 619, 548, 109, 821, 238, 743, 512, 682, 177, 832, 899, 194, 137, 166, 453, 205, 509, 141, 112, 269, 648, 383, 420, 286, 159, 426, 492, 730, 435, 881, 275, 276, 863, 661, 956, 629, 787, 713, 305, 167, 575, 743, 869, 678], 18: [567, 276, 355, 563, 164, 258, 749, 824, 823, 276, 984, 655, 948, 586, 495, 973, 276, 946, 730, 849, 253, 914, 361, 300, 323, 392, 929, 562, 621, 856, 455, 377, 112, 935, 548, 276, 504, 561, 921, 233, 337, 842, 553, 746, 891, 769, 183, 635, 715, 546, 282, 890, 643, 453, 546, 575, 324, 195, 430, 815, 589, 444, 778, 697, 608, 384, 397, 743, 845, 926, 310, 818, 985, 103, 622, 866, 450, 816, 604, 776, 151, 113, 159, 389, 735, 130, 640, 850, 961, 968, 186, 112, 377, 523, 266, 855, 750, 707, 794, 511, 484, 665, 134, 117, 668, 968, 882, 333, 431, 653, 281, 920, 630, 736, 782, 325, 104, 854, 243, 610, 496, 182, 422, 416, 305, 580, 373, 967, 794, 101, 291, 155, 509, 623, 464, 202, 411, 276, 321, 587, 621, 276, 426, 607, 558, 153, 674, 654, 607, 899, 690, 903, 541, 187, 450, 880, 212, 188, 215, 285, 830, 276, 791, 363, 979, 934, 644, 593, 200, 620, 225, 686, 838, 371, 934, 217, 250, 493, 431, 251, 263, 796, 903, 563, 548, 269, 353, 276, 495, 276, 214, 529, 828, 914, 301, 391, 793, 303, 219, 330, 726, 401, 667, 661, 607, 879, 572, 246, 489, 430, 199, 980, 792, 319, 116, 391, 105, 913, 851, 467, 681, 679, 336, 421, 504, 674, 716, 450, 778, 639, 915, 218, 433, 371, 771, 876, 341, 421, 829, 807, 536, 454, 844, 967, 431, 882, 237, 341, 739, 358, 598, 138, 238, 965, 419, 192, 732, 593, 290, 471, 680, 978, 935, 251, 124, 884, 289, 223, 699, 596, 690, 352, 496, 119, 158, 876, 766, 505, 411, 797, 640, 169, 931, 659, 516, 479, 477, 409, 144], 19: [441, 339, 785, 144, 278, 892, 578, 414, 903, 984, 873, 666, 505, 549, 459, 441, 497, 611, 552, 702, 653, 283, 749, 853, 359, 484, 951, 324, 714, 744, 407, 351, 825, 861, 783, 591, 850, 321, 138, 757, 619, 999, 972, 972, 846, 172, 335, 380, 126, 425, 162, 422, 362, 697, 849, 241, 858, 567, 768, 869, 208, 912, 914, 405, 838, 247, 155, 290, 891, 150, 298, 762, 423, 422, 426, 795, 270, 135, 694, 387, 596, 862, 303, 606, 647, 505, 480, 733, 610, 753, 221, 887, 159, 895, 749, 270, 197, 724, 442, 706, 750, 259, 917, 721, 250, 713, 249, 699, 884, 839, 402, 801, 670, 796, 974, 781, 753, 861, 745, 428, 307, 728, 478, 992, 824, 596, 699, 574, 714, 723, 699, 657, 332, 576, 425, 748, 618, 870, 735, 973, 461, 669, 222, 656, 144, 502, 200, 145, 228, 272, 815, 422, 368, 492, 455, 305, 242, 230, 525, 645, 644, 207, 586, 749, 718, 908, 103, 600, 588, 464, 702, 701, 359, 175, 500, 319, 894, 828, 699, 252, 295, 949, 384, 167, 373, 930, 596, 343, 751, 481, 345, 558, 571, 166, 147, 642, 983, 869, 265, 413, 616, 426, 405, 860, 623, 132, 114, 664, 321, 362, 392, 539, 275, 651, 368, 889, 844, 143, 658, 820, 858, 232, 194, 458, 813, 137, 635, 465, 850, 704, 359, 699, 483, 638, 801, 618, 907, 469, 680, 613, 386, 969, 345, 792, 775, 232, 551, 364, 378, 997, 340, 307, 531, 730, 376, 138, 526, 782, 517, 453, 291, 874, 539, 330, 225, 626, 588, 910, 928, 459, 326, 341, 679, 393, 351, 559, 233, 249, 724, 412, 139, 762, 501, 969, 122, 977, 778, 854, 834], 20: [466, 330, 442, 546, 519, 549, 691, 450, 674, 567, 684, 764, 777, 695, 886, 458, 744, 818, 579, 776, 345, 908, 281, 930, 858, 123, 899, 518, 659, 568, 527, 186, 813, 440, 600, 291, 473, 133, 969, 905, 105, 517, 970, 327, 437, 732, 283, 566, 888, 720, 761, 730, 368, 164, 792, 157, 954, 533, 396, 333, 484, 704, 849, 991, 384, 393, 932, 354, 603, 156, 383, 733, 111, 699, 147, 486, 741, 299, 105, 762, 111, 788, 868, 429, 383, 804, 702, 327, 331, 680, 663, 385, 608, 813, 960, 350, 979, 553, 866, 214, 819, 823, 123, 261, 112, 960, 838, 741, 708, 460, 975, 722, 697, 105, 105, 410, 237, 742, 421, 430, 731, 884, 517, 571, 667, 896, 181, 424, 812, 370, 508, 923, 105, 623, 547, 649, 456, 595, 728, 735, 872, 263, 686, 684, 883, 754, 573, 273, 692, 198, 232, 134, 784, 134, 191, 778, 764, 930, 835, 388, 180, 775, 730, 823, 377, 433, 709, 765, 267, 359, 978, 409, 870, 596, 827, 507, 402, 918, 994, 360, 162, 981, 134, 999, 727, 586, 186, 137, 103, 600, 692, 574, 644, 128, 977, 410, 742, 362, 651, 422, 850, 902, 421, 248, 657, 889, 110, 211, 437, 278, 816, 857, 998, 138, 213, 316, 940, 408, 835, 983, 767, 344, 335, 478, 105, 103, 271, 155, 893, 362, 973, 105, 551, 200, 705, 355, 939, 459, 780, 383, 891, 805, 105, 392, 840, 705, 379, 570, 409, 893, 178, 132, 620, 610, 572, 732, 442, 683, 168, 293, 329, 568, 266, 622, 710, 173, 160, 244, 753, 929, 605, 977, 384, 272, 500, 875, 712, 358, 533, 651, 585, 575, 265, 379, 173, 336, 950, 400, 655], 21: [473, 525, 735, 288, 522, 269, 183, 241, 607, 954, 491, 679, 594, 983, 179, 988, 836, 542, 442, 997, 369, 431, 397, 784, 378, 697, 750, 787, 457, 739, 752, 990, 195, 423, 964, 654, 265, 355, 650, 526, 634, 448, 335, 550, 670, 140, 955, 367, 612, 108, 172, 620, 269, 520, 639, 230, 780, 729, 150, 172, 914, 817, 706, 705, 590, 256, 226, 698, 250, 284, 801, 905, 652, 747, 758, 962, 251, 236, 225, 248, 227, 577, 257, 426, 827, 260, 368, 859, 506, 765, 983, 969, 676, 291, 107, 965, 225, 482, 539, 445, 339, 248, 745, 354, 933, 686, 870, 987, 378, 341, 411, 895, 732, 547, 892, 656, 307, 160, 362, 833, 195, 336, 858, 967, 502, 363, 179, 184, 600, 800, 336, 808, 845, 494, 630, 864, 665, 983, 894, 645, 431, 672, 320, 983, 299, 376, 368, 324, 214, 280, 168, 927, 782, 831, 431, 441, 626, 108, 860, 706, 158, 130, 751, 647, 410, 907, 612, 179, 908, 244, 339, 676, 834, 738, 129, 735, 995, 586, 780, 993, 453, 894, 435, 677, 934, 983, 775, 441, 756, 985, 986, 983, 394, 783, 446, 235, 179, 326, 908, 983, 176, 511, 630, 677, 842, 770, 162, 598, 845, 861, 531, 712, 812, 928, 765, 134, 996, 767, 391, 721, 275, 695, 615, 132, 983, 561, 874, 821, 983, 983, 283, 943, 834, 448, 809, 575, 737, 516, 552, 460, 575, 242, 825, 622, 441, 680, 869, 237, 259, 272, 830, 600, 700, 827, 220, 130, 530, 689, 932, 446, 384, 457, 947, 455, 673, 821, 471, 320, 849, 829, 260, 104, 173, 609, 686, 373, 721, 149, 699, 255, 579, 319, 673, 540, 818, 774, 884, 132, 911], 22: [775, 462, 182, 187, 164, 716, 374, 372, 815, 884, 393, 551, 208, 328, 151, 863, 198, 625, 656, 952, 289, 498, 262, 599, 660, 947, 172, 283, 804, 621, 143, 825, 675, 920, 789, 672, 396, 988, 825, 540, 297, 772, 184, 491, 123, 340, 889, 948, 595, 318, 765, 546, 144, 617, 881, 330, 969, 342, 445, 835, 667, 485, 974, 619, 212, 109, 329, 824, 798, 789, 210, 327, 710, 909, 817, 501, 693, 261, 220, 809, 169, 190, 992, 540, 415, 168, 554, 641, 193, 933, 272, 325, 618, 669, 890, 402, 121, 104, 699, 692, 580, 633, 121, 896, 482, 114, 745, 273, 991, 253, 833, 979, 826, 610, 577, 360, 499, 761, 359, 774, 955, 237, 394, 869, 670, 525, 952, 927, 141, 159, 257, 575, 915, 113, 730, 932, 132, 115, 545, 477, 342, 427, 249, 431, 745, 528, 174, 465, 673, 377, 169, 433, 871, 175, 667, 692, 342, 556, 590, 408, 138, 809, 923, 619, 567, 253, 166, 722, 434, 649, 121, 321, 993, 871, 187, 766, 985, 595, 468, 571, 513, 724, 976, 982, 949, 859, 518, 357, 572, 511, 486, 633, 897, 835, 861, 322, 625, 161, 913, 785, 712, 918, 793, 626, 482, 946, 836, 803, 649, 780, 830, 161, 285, 293, 285, 640, 497, 950, 340, 343, 328, 554, 231, 687, 349, 712, 386, 388, 354, 265, 387, 265, 887, 397, 583, 776, 906, 770, 674, 357, 672, 206, 807, 594, 477, 932, 625, 752, 321, 510, 908, 392, 764, 537, 174, 874, 932, 407, 519, 966, 286, 658, 868, 218, 904, 827, 640, 482, 811, 217, 651, 638, 255, 249, 302, 627, 981, 610, 484, 466, 286, 572, 957, 327, 660, 326, 318, 906, 366], 23: [744, 899, 194, 313, 482, 476, 989, 567, 358, 852, 645, 436, 750, 597, 281, 454, 260, 528, 166, 418, 560, 748, 833, 239, 980, 973, 262, 977, 956, 905, 839, 106, 849, 171, 913, 538, 488, 766, 682, 277, 505, 266, 839, 720, 247, 698, 984, 571, 681, 364, 886, 358, 424, 130, 208, 159, 856, 758, 881, 138, 730, 909, 485, 615, 467, 949, 534, 882, 330, 580, 113, 290, 837, 489, 128, 725, 516, 337, 726, 926, 679, 323, 156, 403, 286, 457, 912, 273, 577, 562, 957, 131, 882, 261, 140, 171, 589, 646, 933, 716, 672, 394, 659, 622, 312, 423, 326, 923, 861, 882, 910, 408, 966, 529, 163, 982, 886, 848, 873, 152, 758, 450, 417, 227, 487, 688, 840, 136, 229, 941, 511, 791, 224, 529, 260, 359, 451, 224, 208, 435, 191, 849, 378, 396, 538, 716, 450, 706, 174, 402, 300, 557, 538, 211, 273, 144, 274, 529, 306, 663, 286, 403, 643, 191, 694, 632, 641, 882, 449, 945, 878, 893, 946, 778, 987, 731, 934, 830, 506, 583, 354, 735, 168, 761, 416, 860, 129, 274, 675, 736, 869, 851, 672, 734, 538, 155, 177, 863, 177, 427, 683, 799, 801, 911, 853, 283, 290, 664, 273, 168, 542, 411, 947, 339, 466, 636, 995, 313, 369, 447, 436, 119, 276, 235, 957, 197, 510, 495, 242, 516, 448, 250, 171, 964, 123, 397, 253, 935, 344, 403, 946, 494, 978, 659, 159, 109, 594, 417, 485, 445, 122, 361, 234, 322, 516, 759, 580, 368, 328, 225, 852, 229, 443, 898, 795, 611, 293, 772, 145, 961, 719, 461, 307, 549, 948, 619, 870, 437, 554, 500, 641, 595, 398, 636, 185, 435, 458, 323, 835], 24: [801, 717, 677, 417, 569, 848, 485, 687, 506, 714, 943, 877, 860, 360, 941, 582, 188, 131, 973, 849, 114, 868, 331, 752, 654, 941, 402, 694, 363, 875, 940, 959, 171, 114, 129, 433, 414, 644, 506, 410, 975, 441, 741, 275, 429, 871, 724, 274, 854, 385, 113, 796, 542, 229, 894, 991, 606, 576, 410, 914, 632, 287, 600, 513, 134, 231, 116, 813, 748, 350, 512, 183, 576, 335, 185, 862, 667, 455, 160, 558, 312, 167, 878, 382, 335, 883, 469, 660, 151, 467, 564, 531, 670, 152, 462, 572, 411, 259, 143, 401, 907, 241, 239, 283, 533, 870, 798, 667, 734, 289, 913, 325, 797, 663, 470, 632, 498, 713, 258, 224, 254, 485, 979, 265, 675, 534, 177, 469, 274, 615, 268, 636, 359, 130, 460, 517, 786, 808, 670, 997, 220, 806, 319, 564, 101, 805, 618, 926, 354, 779, 853, 554, 129, 418, 644, 611, 435, 278, 456, 292, 551, 413, 681, 915, 792, 249, 447, 868, 103, 331, 982, 249, 228, 383, 628, 202, 454, 792, 335, 150, 405, 470, 670, 627, 733, 615, 849, 485, 281, 863, 967, 671, 712, 591, 586, 257, 327, 644, 159, 425, 931, 983, 136, 613, 545, 449, 523, 420, 263, 200, 415, 383, 319, 418, 554, 631, 388, 906, 368, 377, 736, 437, 515, 845, 211, 984, 439, 605, 731, 400, 486, 349, 855, 332, 911, 129, 567, 868, 242, 751, 949, 633, 167, 199, 422, 600, 132, 344, 127, 327, 721, 877, 615, 636, 261, 382, 815, 982, 775, 676, 434, 537, 681, 845, 924, 204, 323, 813, 170, 493, 709, 938, 667, 755, 685, 706, 599, 303, 981, 588, 300, 529, 260, 340, 957, 339, 164, 382, 828], 25: [184, 436, 890, 738, 277, 347, 805, 227, 334, 229, 138, 770, 828, 963, 907, 692, 605, 871, 773, 386, 240, 390, 172, 758, 450, 506, 665, 800, 653, 371, 975, 132, 157, 930, 705, 861, 706, 228, 194, 338, 727, 608, 427, 435, 979, 919, 671, 663, 487, 745, 345, 475, 850, 646, 500, 299, 902, 553, 245, 705, 792, 972, 891, 928, 659, 697, 322, 753, 182, 527, 598, 536, 644, 420, 888, 383, 751, 619, 571, 612, 154, 867, 121, 591, 226, 230, 679, 988, 619, 366, 303, 646, 839, 396, 220, 968, 513, 989, 422, 116, 337, 928, 689, 389, 684, 783, 956, 770, 712, 844, 605, 138, 976, 938, 141, 196, 730, 397, 976, 201, 533, 767, 732, 589, 464, 784, 540, 786, 487, 939, 518, 222, 744, 618, 904, 340, 822, 502, 519, 455, 378, 715, 644, 580, 999, 546, 918, 365, 205, 946, 856, 329, 535, 901, 523, 445, 986, 206, 946, 710, 940, 567, 921, 771, 463, 268, 891, 121, 464, 624, 515, 799, 869, 739, 651, 154, 284, 969, 466, 769, 529, 490, 449, 483, 886, 985, 819, 426, 606, 460, 190, 516, 559, 835, 558, 175, 275, 941, 884, 746, 748, 937, 810, 519, 807, 375, 186, 483, 235, 447, 774, 990, 312, 577, 700, 694, 677, 381, 302, 951, 783, 442, 425, 860, 562, 507, 264, 814, 310, 410, 515, 491, 959, 147, 179, 997, 425, 782, 744, 847, 366, 642, 525, 804, 736, 489, 817, 575, 729, 576, 569, 815, 595, 946, 709, 431, 575, 119, 521, 177, 707, 819, 405, 783, 860, 406, 575, 811, 687, 507, 390, 848, 351, 263, 631, 564, 750, 842, 432, 279, 911, 237, 760, 621, 413, 675, 623, 694, 910], 26: [562, 945, 682, 672, 968, 616, 853, 307, 463, 609, 784, 830, 773, 551, 317, 410, 581, 320, 604, 517, 335, 516, 488, 194, 349, 286, 372, 289, 607, 723, 655, 555, 761, 993, 825, 665, 602, 974, 334, 534, 135, 830, 213, 619, 641, 293, 921, 954, 881, 724, 456, 416, 210, 380, 312, 290, 383, 877, 705, 409, 845, 378, 863, 112, 755, 992, 641, 652, 121, 771, 862, 692, 315, 299, 471, 923, 905, 175, 817, 634, 859, 230, 407, 930, 802, 406, 807, 470, 510, 267, 543, 473, 125, 912, 342, 237, 480, 147, 874, 605, 918, 735, 141, 859, 703, 164, 926, 840, 962, 618, 252, 296, 491, 588, 237, 621, 153, 787, 188, 280, 843, 161, 943, 189, 329, 421, 919, 877, 392, 687, 550, 192, 835, 337, 413, 562, 303, 989, 169, 617, 477, 968, 361, 126, 827, 505, 361, 927, 415, 750, 419, 383, 843, 967, 639, 649, 772, 684, 592, 812, 404, 791, 183, 312, 209, 785, 681, 977, 676, 809, 159, 100, 958, 258, 195, 835, 561, 707, 936, 392, 900, 906, 616, 768, 292, 501, 690, 513, 705, 361, 753, 795, 777, 520, 500, 710, 850, 369, 926, 624, 190, 305, 993, 518, 559, 885, 391, 628, 714, 921, 169, 505, 436, 659, 277, 141, 228, 707, 811, 493, 159, 582, 231, 125, 745, 199, 623, 641, 201, 865, 450, 261, 323, 225, 297, 692, 809, 544, 143, 385, 373, 560, 292, 575, 119, 877, 109, 871, 928, 311, 839, 696, 796, 354, 276, 672, 335, 414, 985, 815, 134, 666, 776, 834, 328, 284, 316, 371, 361, 642, 792, 351, 354, 612, 438, 411, 938, 704, 397, 150, 339, 955, 806, 731, 602, 589, 143, 347, 952], 27: [466, 350, 883, 930, 501, 311, 166, 601, 818, 682, 545, 181, 154, 571, 868, 208, 585, 606, 470, 546, 532, 462, 895, 200, 402, 626, 884, 175, 325, 119, 398, 402, 582, 454, 192, 952, 153, 312, 226, 502, 806, 284, 331, 910, 407, 810, 229, 676, 784, 651, 647, 805, 715, 701, 825, 498, 633, 739, 838, 413, 895, 564, 847, 177, 216, 102, 730, 434, 716, 159, 735, 470, 395, 279, 407, 497, 296, 591, 937, 381, 680, 301, 267, 617, 889, 557, 499, 870, 883, 441, 141, 631, 969, 224, 794, 419, 781, 250, 271, 100, 809, 627, 936, 410, 944, 331, 243, 199, 242, 134, 628, 278, 164, 407, 203, 952, 616, 144, 979, 407, 367, 939, 637, 868, 953, 301, 843, 837, 262, 444, 119, 412, 833, 678, 876, 219, 750, 489, 552, 125, 340, 446, 533, 436, 446, 407, 174, 380, 952, 208, 407, 923, 806, 376, 571, 648, 458, 146, 589, 384, 907, 773, 350, 464, 134, 448, 265, 666, 948, 201, 662, 909, 632, 964, 227, 706, 697, 576, 854, 212, 373, 407, 448, 381, 982, 718, 520, 873, 698, 407, 524, 123, 719, 457, 844, 407, 952, 105, 214, 787, 908, 636, 187, 469, 265, 305, 608, 891, 550, 563, 452, 278, 921, 692, 948, 486, 883, 771, 451, 237, 363, 806, 100, 895, 394, 808, 188, 118, 559, 653, 909, 804, 694, 716, 667, 820, 910, 841, 391, 269, 440, 505, 319, 950, 179, 552, 271, 801, 316, 684, 794, 607, 380, 148, 438, 817, 772, 561, 222, 324, 416, 840, 377, 410, 131, 515, 226, 508, 378, 771, 856, 226, 333, 289, 230, 587, 685, 551, 291, 455, 142, 209, 475, 525, 839, 189, 310, 565, 705], 28: [588, 786, 743, 787, 447, 263, 322, 693, 357, 198, 289, 115, 562, 146, 677, 377, 684, 382, 517, 889, 932, 886, 303, 519, 862, 505, 273, 818, 703, 325, 388, 386, 694, 420, 921, 874, 297, 445, 290, 866, 583, 433, 149, 379, 855, 159, 235, 686, 795, 612, 568, 179, 226, 977, 952, 105, 655, 409, 837, 290, 405, 108, 122, 150, 573, 188, 468, 416, 803, 602, 552, 738, 262, 742, 750, 595, 359, 928, 570, 102, 417, 916, 791, 318, 575, 482, 784, 870, 191, 163, 993, 611, 149, 984, 616, 975, 830, 977, 549, 315, 781, 547, 681, 161, 422, 843, 750, 815, 669, 982, 968, 881, 780, 576, 479, 580, 416, 592, 160, 803, 553, 122, 751, 603, 610, 341, 214, 197, 879, 476, 642, 901, 643, 779, 646, 340, 344, 650, 697, 947, 683, 977, 551, 977, 886, 976, 150, 258, 241, 900, 676, 947, 489, 533, 763, 409, 748, 206, 880, 440, 405, 290, 394, 129, 237, 929, 231, 447, 350, 265, 464, 977, 901, 258, 387, 119, 168, 252, 859, 479, 757, 110, 862, 782, 692, 256, 943, 870, 517, 330, 977, 685, 819, 221, 544, 898, 819, 128, 329, 777, 362, 642, 648, 366, 309, 535, 601, 632, 724, 449, 292, 870, 829, 735, 211, 359, 650, 497, 693, 775, 137, 608, 237, 561, 284, 915, 889, 861, 496, 974, 208, 384, 996, 833, 124, 467, 175, 275, 590, 473, 977, 192, 321, 513, 921, 295, 356, 773, 973, 856, 425, 516, 993, 551, 538, 700, 780, 831, 171, 530, 651, 142, 688, 190, 849, 673, 423, 639, 825, 192, 874, 451, 977, 977, 294, 982, 228, 732, 955, 930, 716, 824, 984, 781, 386, 421, 977, 689, 681], 29: [507, 750, 644, 775, 482, 853, 831, 196, 499, 907, 182, 864, 997, 104, 299, 113, 386, 662, 256, 548, 455, 149, 695, 610, 882, 588, 496, 874, 630, 867, 869, 716, 203, 830, 936, 365, 883, 203, 770, 832, 931, 246, 406, 764, 852, 853, 139, 643, 895, 109, 240, 645, 304, 729, 540, 852, 715, 643, 412, 971, 674, 626, 959, 211, 128, 107, 257, 751, 905, 515, 748, 308, 977, 830, 303, 609, 637, 900, 826, 456, 291, 410, 910, 889, 216, 933, 215, 320, 292, 697, 799, 502, 992, 316, 842, 342, 577, 365, 167, 885, 459, 239, 277, 636, 157, 790, 733, 938, 475, 203, 612, 614, 640, 867, 827, 607, 831, 878, 431, 409, 618, 252, 844, 645, 197, 322, 771, 909, 252, 594, 599, 114, 409, 565, 340, 426, 866, 285, 347, 766, 316, 958, 671, 723, 683, 579, 441, 509, 618, 169, 820, 306, 805, 610, 122, 968, 528, 446, 574, 804, 181, 597, 487, 452, 388, 799, 436, 580, 230, 234, 616, 713, 390, 861, 397, 367, 677, 993, 754, 735, 150, 864, 599, 659, 332, 171, 859, 143, 552, 924, 819, 211, 909, 326, 928, 168, 692, 863, 782, 220, 144, 241, 814, 943, 847, 994, 452, 754, 166, 464, 248, 644, 720, 127, 794, 213, 170, 902, 203, 727, 203, 328, 352, 744, 644, 673, 345, 196, 255, 761, 544, 225, 183, 105, 818, 836, 103, 579, 297, 531, 339, 473, 776, 898, 775, 203, 228, 426, 957, 521, 941, 989, 573, 514, 936, 251, 902, 836, 774, 260, 505, 449, 918, 226, 122, 446, 688, 253, 651, 512, 166, 885, 749, 535, 197, 352, 880, 970, 943, 713, 565, 139, 353, 421, 767, 308, 830, 507, 494], 30: [183, 166, 261, 526, 381, 821, 180, 396, 323, 812, 661, 367, 296, 966, 322, 528, 174, 682, 918, 725, 684, 538, 176, 715, 126, 366, 496, 556, 899, 541, 290, 215, 176, 594, 403, 181, 168, 459, 732, 519, 166, 730, 473, 924, 193, 235, 711, 531, 542, 393, 901, 109, 366, 244, 364, 884, 202, 270, 703, 665, 330, 374, 334, 926, 947, 637, 313, 476, 837, 751, 820, 257, 274, 405, 960, 947, 683, 997, 399, 902, 212, 474, 913, 177, 426, 461, 533, 100, 242, 991, 436, 218, 643, 616, 333, 517, 788, 707, 558, 547, 556, 836, 151, 929, 754, 268, 798, 141, 476, 804, 451, 574, 466, 344, 389, 431, 617, 119, 278, 210, 242, 159, 116, 698, 231, 567, 291, 747, 377, 362, 959, 794, 293, 650, 110, 437, 221, 592, 901, 513, 301, 722, 559, 694, 596, 500, 851, 946, 312, 614, 528, 369, 246, 289, 518, 105, 649, 247, 496, 614, 350, 384, 736, 342, 397, 902, 205, 682, 271, 600, 497, 795, 407, 225, 330, 510, 847, 677, 316, 143, 904, 950, 402, 811, 317, 549, 398, 766, 181, 544, 481, 737, 808, 273, 134, 981, 286, 114, 981, 931, 825, 455, 519, 823, 717, 834, 146, 779, 510, 244, 791, 765, 236, 718, 659, 171, 188, 140, 250, 205, 654, 341, 436, 669, 216, 335, 691, 223, 409, 142, 345, 105, 432, 771, 145, 787, 666, 714, 877, 419, 375, 346, 728, 232, 339, 213, 683, 611, 287, 831, 351, 945, 458, 364, 512, 269, 548, 664, 987, 421, 953, 654, 172, 992, 821, 888, 423, 182, 596, 729, 355, 948, 123, 441, 344, 808, 469, 795, 328, 734, 504, 742, 513, 155, 751, 349, 878, 955, 122], 31: [113, 411, 710, 724, 119, 562, 646, 346, 841, 830, 742, 862, 390, 403, 131, 303, 212, 377, 378, 559, 941, 467, 564, 459, 329, 549, 830, 432, 434, 676, 685, 993, 185, 252, 940, 436, 734, 423, 189, 380, 100, 797, 763, 607, 342, 217, 492, 597, 641, 696, 876, 536, 641, 379, 801, 131, 503, 214, 276, 574, 343, 552, 401, 926, 308, 265, 591, 959, 997, 573, 876, 222, 496, 917, 868, 163, 561, 278, 384, 387, 557, 483, 386, 296, 993, 773, 343, 917, 690, 815, 486, 898, 544, 606, 414, 760, 555, 656, 492, 200, 779, 706, 214, 103, 777, 438, 234, 916, 304, 447, 495, 357, 552, 236, 850, 917, 347, 811, 331, 271, 721, 332, 362, 698, 586, 778, 573, 491, 603, 903, 917, 908, 553, 797, 543, 412, 641, 835, 757, 233, 536, 302, 908, 774, 878, 302, 719, 895, 720, 480, 117, 827, 199, 533, 179, 101, 268, 469, 746, 872, 696, 256, 780, 914, 670, 917, 300, 872, 769, 367, 971, 938, 834, 616, 727, 242, 841, 312, 112, 728, 346, 869, 922, 545, 568, 495, 632, 971, 236, 199, 659, 569, 701, 880, 997, 212, 174, 840, 989, 350, 580, 291, 140, 232, 430, 861, 824, 569, 162, 641, 782, 417, 562, 815, 700, 680, 201, 854, 933, 441, 144, 414, 931, 788, 266, 387, 145, 941, 668, 576, 367, 634, 622, 933, 996, 558, 206, 517, 808, 664, 541, 616, 601, 493, 440, 904, 308, 555, 117, 564, 360, 925, 854, 736, 164, 909, 917, 644, 847, 556, 578, 894, 822, 479, 220, 282, 149, 480, 735, 439, 410, 733, 151, 567, 854, 993, 957, 587, 600, 752, 917, 833, 196, 929, 320, 399, 618, 673, 312], 32: [553, 226, 754, 428, 982, 459, 996, 960, 300, 717, 130, 316, 132, 111, 303, 906, 713, 842, 145, 617, 395, 230, 841, 265, 542, 886, 138, 925, 834, 604, 509, 915, 738, 642, 921, 748, 781, 995, 134, 821, 860, 903, 976, 427, 285, 182, 639, 388, 964, 732, 587, 909, 276, 427, 307, 941, 100, 614, 974, 959, 996, 453, 212, 595, 920, 826, 682, 777, 575, 783, 416, 567, 741, 799, 980, 832, 701, 794, 838, 308, 686, 593, 124, 857, 505, 765, 833, 993, 634, 721, 603, 734, 356, 591, 848, 858, 560, 407, 883, 100, 800, 927, 849, 334, 539, 882, 369, 255, 610, 938, 832, 815, 474, 406, 139, 798, 850, 415, 451, 320, 824, 748, 437, 956, 533, 900, 314, 246, 832, 848, 518, 293, 735, 744, 633, 304, 944, 620, 680, 936, 350, 702, 444, 672, 116, 263, 744, 988, 267, 440, 915, 535, 588, 283, 903, 131, 856, 232, 212, 423, 213, 259, 326, 624, 747, 268, 652, 849, 587, 796, 795, 601, 183, 650, 366, 432, 812, 724, 882, 644, 859, 767, 649, 775, 128, 346, 333, 522, 217, 585, 794, 837, 610, 160, 286, 599, 621, 295, 185, 390, 579, 318, 167, 626, 299, 721, 580, 832, 405, 928, 167, 928, 284, 468, 306, 832, 511, 259, 110, 112, 554, 322, 554, 499, 388, 516, 741, 500, 606, 937, 805, 467, 471, 587, 863, 190, 749, 243, 620, 673, 440, 694, 361, 911, 375, 321, 979, 419, 223, 145, 832, 470, 158, 589, 820, 889, 742, 498, 567, 398, 156, 201, 803, 215, 409, 800, 312, 891, 819, 820, 487, 558, 724, 513, 133, 684, 501, 358, 628, 402, 751, 157, 180, 475, 391, 274, 285, 655, 600], 33: [274, 281, 495, 725, 660, 995, 433, 794, 273, 783, 621, 302, 933, 595, 981, 312, 190, 775, 754, 941, 522, 723, 673, 141, 953, 388, 177, 325, 364, 593, 421, 272, 991, 126, 125, 495, 865, 441, 972, 795, 767, 256, 484, 480, 246, 304, 361, 916, 395, 436, 696, 480, 456, 861, 192, 481, 326, 817, 790, 323, 332, 680, 136, 694, 198, 569, 951, 794, 547, 374, 480, 868, 626, 431, 774, 515, 317, 730, 557, 697, 852, 357, 731, 592, 517, 601, 307, 847, 144, 857, 131, 934, 480, 548, 671, 804, 957, 272, 865, 442, 760, 126, 455, 116, 377, 114, 629, 586, 485, 436, 242, 252, 488, 220, 623, 223, 751, 235, 529, 786, 415, 894, 943, 290, 238, 400, 427, 736, 532, 650, 960, 591, 280, 841, 432, 215, 942, 289, 863, 448, 772, 961, 584, 570, 476, 381, 464, 662, 454, 668, 572, 288, 154, 974, 284, 547, 500, 710, 692, 944, 514, 346, 330, 646, 245, 640, 738, 657, 729, 999, 279, 945, 840, 325, 288, 289, 540, 640, 821, 102, 445, 867, 760, 745, 843, 811, 103, 179, 184, 612, 266, 162, 679, 432, 840, 852, 978, 480, 695, 873, 296, 932, 206, 675, 168, 150, 801, 626, 768, 928, 255, 507, 550, 724, 955, 219, 456, 857, 772, 688, 714, 345, 587, 889, 625, 531, 316, 457, 672, 535, 310, 988, 184, 975, 164, 778, 114, 577, 929, 878, 631, 577, 554, 257, 158, 649, 773, 550, 227, 964, 425, 586, 213, 748, 679, 148, 850, 545, 261, 147, 975, 279, 988, 634, 530, 480, 325, 787, 945, 518, 452, 651, 480, 978, 116, 978, 343, 802, 184, 897, 690, 691, 631, 928, 836, 167, 432, 863, 810], 34: [337, 294, 875, 248, 517, 605, 602, 111, 201, 478, 294, 494, 779, 800, 280, 424, 468, 842, 248, 945, 964, 376, 331, 171, 456, 114, 109, 882, 850, 906, 819, 144, 568, 940, 516, 882, 731, 192, 848, 332, 499, 798, 138, 982, 850, 700, 283, 150, 479, 132, 506, 977, 763, 186, 895, 742, 933, 599, 150, 556, 549, 101, 464, 408, 670, 625, 712, 743, 532, 591, 370, 251, 467, 761, 266, 266, 695, 383, 883, 848, 114, 725, 693, 249, 872, 448, 263, 147, 299, 310, 988, 169, 785, 146, 446, 493, 282, 567, 971, 971, 746, 145, 513, 328, 554, 765, 411, 408, 876, 710, 662, 925, 521, 252, 559, 587, 178, 513, 691, 707, 202, 261, 715, 938, 707, 130, 530, 362, 626, 897, 444, 567, 369, 177, 584, 408, 397, 670, 119, 216, 381, 435, 524, 965, 991, 657, 527, 464, 383, 388, 841, 393, 543, 740, 676, 448, 168, 984, 691, 790, 960, 653, 660, 592, 249, 645, 867, 495, 352, 471, 234, 102, 609, 131, 962, 790, 811, 846, 249, 309, 401, 413, 251, 629, 486, 126, 342, 583, 718, 319, 825, 559, 430, 979, 646, 946, 577, 605, 392, 746, 522, 142, 949, 375, 839, 748, 362, 164, 201, 776, 900, 929, 279, 613, 949, 374, 899, 459, 232, 463, 836, 417, 403, 574, 171, 172, 392, 357, 295, 844, 683, 652, 586, 645, 872, 954, 809, 473, 413, 751, 439, 955, 543, 723, 700, 455, 147, 913, 610, 201, 189, 811, 343, 120, 859, 920, 507, 251, 517, 756, 386, 671, 836, 682, 513, 661, 859, 441, 313, 349, 158, 849, 601, 369, 334, 277, 752, 945, 997, 789, 391, 552, 305, 633, 870, 111, 158, 716, 712], 35: [815, 652, 909, 825, 696, 775, 534, 459, 942, 134, 428, 854, 178, 738, 468, 237, 429, 826, 886, 397, 330, 220, 527, 321, 661, 589, 590, 897, 937, 605, 888, 292, 761, 489, 599, 505, 964, 916, 503, 954, 606, 969, 509, 287, 580, 117, 925, 137, 438, 628, 904, 111, 366, 748, 959, 327, 349, 235, 261, 867, 802, 153, 937, 513, 592, 207, 692, 137, 819, 409, 544, 635, 331, 731, 216, 731, 866, 429, 311, 873, 554, 403, 692, 344, 906, 672, 573, 406, 139, 386, 437, 317, 491, 624, 422, 514, 416, 781, 623, 718, 611, 918, 698, 603, 168, 130, 341, 146, 759, 528, 263, 799, 731, 128, 928, 299, 953, 617, 877, 299, 261, 876, 100, 544, 428, 202, 918, 263, 221, 883, 740, 596, 669, 522, 707, 433, 155, 370, 367, 575, 419, 108, 114, 859, 479, 638, 252, 524, 192, 108, 330, 747, 266, 704, 227, 958, 362, 763, 265, 697, 321, 480, 424, 715, 731, 701, 880, 667, 712, 993, 778, 591, 190, 451, 736, 811, 903, 678, 830, 870, 807, 867, 822, 939, 988, 546, 688, 687, 760, 699, 316, 334, 578, 643, 665, 224, 336, 975, 475, 553, 614, 878, 222, 617, 825, 235, 293, 504, 967, 602, 290, 606, 958, 660, 236, 212, 989, 609, 527, 508, 570, 714, 432, 124, 358, 786, 528, 881, 969, 946, 166, 245, 317, 526, 519, 568, 897, 686, 495, 117, 260, 765, 535, 633, 421, 402, 688, 493, 831, 554, 678, 781, 257, 660, 675, 367, 729, 699, 903, 501, 129, 932, 738, 777, 124, 568, 358, 560, 960, 564, 511, 929, 858, 858, 981, 200, 753, 863, 786, 663, 850, 450, 657, 979, 855, 699, 478, 329, 731], 36: [271, 660, 530, 711, 834, 298, 926, 503, 702, 320, 231, 617, 822, 971, 398, 852, 261, 556, 920, 964, 673, 447, 488, 201, 105, 255, 597, 575, 445, 536, 269, 848, 113, 988, 706, 507, 769, 562, 431, 297, 382, 894, 688, 257, 834, 110, 809, 807, 858, 934, 894, 152, 386, 427, 954, 793, 227, 364, 639, 418, 792, 466, 848, 892, 684, 646, 795, 397, 429, 628, 949, 539, 344, 183, 529, 894, 121, 998, 267, 590, 858, 487, 514, 894, 113, 600, 257, 425, 887, 647, 372, 184, 255, 342, 865, 848, 674, 407, 430, 998, 725, 975, 654, 791, 627, 275, 112, 341, 728, 420, 388, 388, 154, 499, 529, 659, 876, 518, 894, 354, 673, 421, 639, 644, 952, 109, 622, 958, 361, 691, 773, 348, 119, 376, 532, 125, 369, 589, 349, 698, 809, 958, 645, 452, 102, 706, 543, 507, 183, 749, 111, 699, 792, 361, 102, 559, 421, 599, 625, 414, 818, 314, 101, 664, 299, 296, 432, 720, 905, 312, 324, 904, 589, 799, 845, 673, 951, 508, 622, 623, 992, 882, 478, 726, 436, 261, 825, 866, 949, 794, 464, 465, 602, 730, 158, 806, 671, 811, 475, 431, 271, 549, 804, 814, 977, 115, 621, 701, 894, 894, 529, 483, 662, 143, 975, 450, 170, 301, 538, 787, 690, 478, 776, 578, 362, 573, 482, 697, 796, 910, 804, 551, 411, 810, 151, 572, 895, 353, 641, 626, 361, 131, 173, 520, 893, 689, 255, 186, 169, 885, 582, 363, 836, 122, 994, 744, 829, 863, 955, 607, 962, 896, 527, 158, 412, 337, 910, 310, 346, 704, 906, 417, 894, 359, 891, 999, 672, 262, 115, 147, 186, 763, 597, 174, 895, 883, 894, 153, 914], 37: [976, 946, 361, 416, 763, 231, 244, 396, 705, 494, 380, 177, 657, 286, 378, 240, 804, 656, 622, 511, 249, 552, 986, 238, 214, 632, 467, 474, 345, 611, 841, 724, 930, 255, 525, 679, 854, 976, 479, 890, 104, 309, 160, 410, 622, 976, 756, 883, 431, 944, 181, 838, 977, 408, 368, 122, 644, 708, 748, 685, 302, 672, 151, 182, 947, 961, 983, 653, 666, 165, 597, 900, 343, 378, 937, 363, 723, 698, 180, 454, 380, 574, 832, 866, 740, 359, 673, 634, 535, 559, 828, 812, 673, 288, 531, 519, 125, 619, 777, 635, 701, 501, 929, 936, 264, 417, 991, 727, 127, 933, 970, 830, 844, 879, 512, 409, 279, 665, 769, 166, 656, 994, 575, 795, 828, 295, 976, 649, 190, 588, 390, 316, 811, 650, 394, 386, 501, 711, 944, 285, 117, 585, 600, 617, 976, 950, 437, 965, 797, 261, 329, 518, 942, 290, 452, 310, 954, 882, 504, 988, 655, 512, 422, 727, 601, 203, 299, 979, 344, 192, 366, 639, 591, 483, 317, 484, 224, 521, 386, 979, 333, 596, 871, 318, 614, 256, 174, 379, 297, 682, 814, 765, 106, 535, 974, 254, 412, 390, 201, 860, 478, 813, 206, 394, 990, 181, 779, 508, 517, 617, 654, 181, 586, 660, 373, 377, 145, 763, 981, 888, 443, 175, 223, 939, 868, 976, 202, 749, 705, 976, 540, 436, 470, 254, 631, 680, 703, 188, 964, 414, 865, 616, 427, 742, 662, 165, 849, 312, 816, 706, 372, 734, 848, 339, 983, 829, 985, 271, 347, 985, 314, 954, 637, 955, 976, 881, 261, 330, 572, 214, 665, 888, 620, 970, 583, 769, 320, 358, 497, 404, 112, 837, 264, 144, 976, 692, 745, 947, 624], 38: [942, 480, 197, 992, 703, 981, 770, 511, 614, 565, 848, 927, 741, 286, 868, 121, 232, 237, 880, 768, 620, 981, 842, 497, 748, 294, 821, 974, 943, 810, 192, 935, 127, 190, 747, 285, 548, 308, 738, 627, 826, 158, 364, 349, 177, 616, 459, 471, 218, 691, 569, 596, 657, 141, 729, 979, 666, 309, 189, 569, 128, 798, 161, 960, 689, 522, 418, 105, 947, 651, 272, 179, 475, 934, 873, 110, 745, 920, 674, 411, 851, 724, 345, 781, 113, 917, 422, 374, 292, 766, 933, 541, 309, 560, 918, 912, 874, 884, 950, 407, 449, 399, 137, 912, 209, 369, 742, 656, 879, 691, 247, 306, 548, 689, 877, 175, 603, 208, 333, 466, 191, 357, 750, 517, 645, 646, 150, 896, 794, 259, 667, 536, 722, 439, 774, 340, 124, 111, 683, 483, 233, 403, 754, 316, 696, 969, 281, 940, 947, 199, 360, 645, 247, 185, 872, 781, 858, 935, 752, 263, 263, 221, 281, 857, 704, 246, 480, 509, 559, 460, 786, 256, 224, 773, 601, 655, 842, 700, 539, 423, 252, 662, 528, 872, 594, 914, 275, 212, 518, 603, 249, 311, 668, 508, 287, 207, 709, 460, 579, 526, 881, 327, 450, 874, 620, 587, 629, 541, 377, 136, 914, 881, 268, 938, 244, 102, 271, 873, 630, 873, 198, 409, 413, 558, 402, 347, 506, 490, 562, 289, 336, 166, 428, 529, 617, 779, 110, 229, 173, 178, 682, 320, 709, 158, 199, 180, 989, 697, 337, 597, 786, 816, 900, 644, 954, 448, 963, 411, 435, 474, 320, 461, 271, 100, 733, 422, 828, 309, 622, 787, 374, 207, 178, 302, 617, 680, 962, 819, 305, 373, 743, 691, 188, 116, 845, 417, 493, 141, 966], 39: [835, 462, 184, 146, 591, 335, 928, 343, 199, 199, 441, 648, 605, 910, 306, 724, 802, 517, 458, 489, 323, 178, 791, 835, 806, 150, 874, 311, 771, 867, 280, 190, 352, 417, 635, 663, 886, 274, 723, 991, 538, 254, 872, 711, 896, 995, 981, 498, 392, 624, 427, 364, 805, 239, 699, 219, 894, 237, 166, 805, 267, 717, 672, 721, 185, 231, 345, 121, 128, 875, 863, 376, 251, 864, 275, 703, 320, 228, 457, 626, 674, 270, 799, 367, 744, 858, 493, 556, 860, 602, 211, 525, 498, 526, 695, 619, 913, 943, 397, 257, 706, 243, 414, 587, 256, 925, 363, 206, 165, 209, 972, 860, 472, 747, 545, 599, 513, 581, 490, 155, 117, 721, 344, 331, 556, 727, 761, 714, 962, 766, 762, 947, 494, 544, 690, 583, 694, 477, 541, 387, 976, 286, 285, 317, 441, 387, 228, 305, 522, 332, 243, 936, 711, 186, 391, 856, 710, 977, 122, 414, 799, 420, 137, 394, 651, 979, 738, 864, 950, 291, 225, 610, 251, 559, 891, 540, 127, 678, 566, 659, 399, 622, 551, 153, 192, 312, 601, 132, 249, 370, 232, 584, 648, 988, 977, 321, 844, 743, 613, 107, 222, 553, 832, 804, 393, 711, 918, 387, 970, 582, 617, 198, 753, 301, 250, 556, 583, 526, 381, 395, 711, 936, 536, 656, 886, 664, 758, 493, 734, 166, 968, 154, 424, 917, 929, 733, 615, 330, 751, 835, 738, 864, 665, 792, 818, 937, 584, 502, 666, 651, 376, 114, 577, 756, 536, 583, 428, 318, 572, 123, 169, 336, 435, 137, 104, 516, 552, 279, 623, 674, 472, 956, 378, 425, 571, 871, 200, 603, 474, 109, 209, 431, 102, 822, 126, 393, 867, 308, 501], 40: [197, 672, 798, 681, 400, 726, 787, 353, 836, 389, 833, 917, 552, 791, 255, 341, 820, 826, 511, 951, 382, 463, 739, 821, 928, 824, 738, 319, 494, 860, 403, 628, 980, 468, 548, 123, 473, 139, 624, 403, 738, 923, 138, 272, 385, 666, 824, 738, 476, 999, 101, 647, 838, 738, 893, 553, 425, 122, 454, 420, 500, 870, 306, 327, 715, 624, 489, 746, 131, 921, 816, 839, 386, 721, 332, 688, 682, 888, 778, 703, 484, 594, 685, 126, 804, 730, 982, 162, 225, 704, 735, 152, 751, 508, 481, 425, 738, 847, 279, 717, 393, 407, 934, 361, 825, 456, 227, 585, 363, 230, 749, 755, 893, 905, 413, 498, 555, 889, 260, 478, 881, 679, 855, 656, 498, 997, 903, 902, 291, 156, 663, 888, 398, 355, 794, 351, 398, 267, 387, 682, 298, 437, 722, 238, 984, 263, 676, 139, 738, 264, 266, 637, 302, 841, 139, 815, 221, 693, 901, 204, 702, 726, 374, 712, 964, 837, 439, 230, 929, 282, 474, 383, 948, 582, 574, 755, 748, 442, 161, 921, 972, 208, 738, 886, 721, 245, 826, 900, 108, 713, 692, 929, 998, 734, 269, 454, 988, 637, 263, 602, 980, 924, 980, 276, 795, 183, 789, 885, 362, 580, 738, 740, 256, 591, 574, 443, 771, 163, 879, 128, 969, 908, 185, 189, 272, 976, 324, 516, 191, 969, 544, 694, 170, 209, 341, 455, 423, 382, 860, 162, 547, 942, 234, 180, 880, 266, 480, 738, 791, 206, 100, 662, 821, 103, 880, 637, 431, 991, 237, 355, 626, 737, 727, 728, 621, 707, 685, 379, 458, 272, 692, 830, 620, 406, 117, 173, 614, 588, 177, 350, 167, 158, 167, 898, 156, 709, 429, 183, 738], 41: [997, 146, 606, 766, 811, 322, 761, 387, 219, 797, 538, 336, 229, 104, 276, 454, 160, 128, 417, 196, 215, 310, 705, 166, 785, 186, 882, 585, 508, 629, 423, 868, 884, 433, 501, 281, 190, 961, 868, 582, 748, 288, 356, 227, 797, 599, 101, 860, 264, 653, 192, 736, 387, 516, 713, 820, 285, 494, 468, 236, 800, 877, 853, 218, 917, 550, 770, 123, 689, 633, 259, 983, 733, 528, 943, 723, 632, 305, 395, 952, 384, 481, 451, 126, 624, 131, 924, 358, 857, 837, 853, 235, 565, 453, 432, 533, 700, 519, 808, 923, 338, 762, 203, 770, 153, 993, 316, 507, 896, 553, 143, 935, 896, 185, 812, 742, 527, 101, 681, 716, 956, 459, 213, 254, 395, 967, 387, 115, 670, 751, 711, 256, 723, 229, 387, 172, 561, 373, 319, 772, 514, 220, 922, 309, 228, 466, 680, 301, 409, 230, 149, 123, 770, 838, 610, 736, 477, 807, 295, 453, 180, 261, 558, 181, 325, 324, 505, 580, 730, 104, 745, 307, 657, 553, 387, 218, 651, 589, 953, 261, 860, 388, 960, 122, 394, 315, 206, 263, 289, 297, 240, 138, 238, 667, 951, 916, 933, 324, 228, 257, 387, 550, 243, 898, 414, 254, 421, 457, 746, 359, 546, 849, 391, 282, 406, 949, 367, 387, 940, 109, 973, 739, 488, 737, 210, 492, 119, 678, 164, 263, 760, 446, 370, 345, 446, 607, 307, 456, 139, 387, 874, 858, 926, 257, 824, 151, 102, 885, 265, 216, 691, 822, 852, 282, 977, 238, 387, 478, 171, 276, 596, 816, 694, 698, 850, 737, 306, 491, 931, 387, 356, 980, 293, 533, 790, 305, 401, 947, 588, 327, 176, 731, 376, 902, 971, 747, 499, 852, 504], 42: [148, 242, 765, 175, 108, 353, 574, 751, 618, 274, 807, 173, 961, 172, 762, 798, 401, 703, 552, 447, 137, 319, 478, 831, 171, 322, 500, 949, 827, 213, 874, 302, 302, 986, 679, 754, 436, 721, 589, 610, 927, 835, 604, 395, 325, 148, 157, 639, 731, 312, 230, 476, 651, 208, 245, 644, 631, 869, 206, 228, 864, 965, 708, 362, 893, 357, 124, 426, 500, 302, 186, 772, 736, 431, 692, 868, 853, 303, 103, 188, 734, 417, 662, 915, 400, 850, 529, 207, 244, 730, 103, 552, 945, 218, 324, 992, 646, 302, 819, 237, 136, 384, 871, 213, 645, 892, 380, 367, 126, 892, 680, 459, 776, 560, 167, 646, 902, 735, 293, 932, 628, 763, 816, 674, 985, 554, 719, 995, 918, 272, 174, 287, 211, 244, 743, 142, 847, 525, 436, 611, 400, 744, 485, 895, 163, 302, 846, 138, 694, 618, 262, 587, 566, 602, 608, 297, 666, 447, 998, 514, 859, 618, 685, 619, 650, 116, 597, 990, 225, 212, 323, 758, 469, 518, 276, 505, 360, 302, 801, 522, 863, 468, 644, 454, 660, 682, 865, 878, 839, 996, 143, 302, 664, 549, 555, 990, 112, 967, 872, 606, 167, 808, 608, 831, 466, 881, 292, 868, 897, 127, 810, 660, 532, 947, 885, 183, 966, 441, 779, 912, 756, 126, 167, 987, 886, 175, 397, 496, 566, 411, 303, 171, 744, 399, 198, 160, 887, 366, 347, 500, 245, 720, 713, 898, 809, 970, 918, 302, 358, 284, 302, 310, 618, 247, 326, 163, 530, 755, 315, 406, 725, 172, 481, 392, 696, 874, 156, 540, 722, 647, 953, 292, 775, 961, 370, 670, 425, 248, 520, 674, 888, 430, 807, 244, 622, 620, 978, 337, 624], 43: [508, 332, 905, 975, 600, 861, 491, 810, 513, 397, 669, 499, 926, 179, 682, 743, 305, 237, 231, 327, 600, 590, 153, 531, 565, 216, 802, 474, 288, 948, 522, 306, 487, 701, 251, 149, 103, 402, 580, 128, 890, 390, 971, 266, 307, 468, 445, 148, 165, 895, 104, 794, 180, 226, 596, 701, 495, 246, 129, 675, 137, 205, 737, 175, 608, 279, 177, 311, 333, 448, 391, 662, 145, 101, 614, 515, 571, 820, 584, 439, 173, 302, 383, 413, 700, 452, 217, 770, 910, 896, 600, 555, 986, 634, 449, 165, 412, 619, 308, 890, 156, 606, 169, 631, 904, 553, 709, 235, 392, 949, 373, 664, 419, 737, 509, 848, 960, 576, 838, 942, 462, 566, 355, 474, 199, 720, 719, 392, 471, 645, 611, 172, 776, 168, 188, 208, 202, 598, 652, 600, 386, 427, 251, 306, 460, 268, 829, 985, 869, 755, 600, 715, 441, 795, 308, 324, 347, 284, 383, 167, 802, 144, 688, 394, 992, 803, 698, 614, 786, 548, 845, 389, 864, 228, 659, 301, 799, 246, 138, 653, 329, 765, 617, 483, 869, 735, 449, 354, 583, 214, 606, 671, 979, 600, 218, 310, 161, 194, 791, 489, 244, 640, 988, 667, 477, 252, 981, 508, 119, 818, 930, 822, 618, 563, 327, 710, 827, 192, 148, 820, 309, 718, 998, 883, 488, 257, 796, 895, 702, 427, 208, 925, 969, 640, 397, 708, 163, 678, 355, 522, 871, 229, 628, 893, 819, 121, 836, 577, 115, 600, 576, 368, 554, 639, 827, 625, 580, 894, 875, 502, 287, 589, 130, 508, 827, 145, 627, 162, 224, 427, 418, 642, 707, 919, 600, 429, 993, 706, 913, 678, 235, 784, 275, 839, 137, 862, 978, 743, 637], 44: [518, 497, 711, 114, 847, 135, 965, 550, 216, 900, 309, 967, 564, 751, 949, 760, 861, 354, 807, 904, 386, 979, 142, 274, 776, 138, 534, 120, 593, 190, 828, 478, 352, 785, 247, 975, 447, 934, 102, 198, 309, 213, 892, 689, 386, 261, 727, 380, 131, 175, 388, 307, 245, 821, 858, 909, 165, 518, 248, 703, 845, 306, 892, 291, 825, 948, 181, 295, 959, 872, 189, 293, 308, 683, 126, 306, 193, 481, 724, 169, 440, 732, 913, 994, 973, 978, 586, 713, 268, 407, 132, 961, 111, 208, 287, 522, 941, 672, 439, 759, 859, 672, 876, 684, 564, 774, 946, 573, 177, 709, 731, 884, 948, 203, 267, 509, 766, 527, 152, 183, 369, 276, 243, 908, 181, 274, 194, 439, 539, 652, 910, 117, 412, 420, 881, 874, 192, 807, 777, 388, 824, 781, 552, 269, 668, 502, 525, 701, 677, 914, 462, 402, 547, 633, 376, 420, 333, 721, 530, 748, 520, 394, 347, 693, 952, 863, 618, 549, 839, 686, 406, 539, 626, 247, 328, 737, 617, 681, 988, 332, 553, 972, 479, 110, 262, 577, 516, 367, 549, 952, 214, 186, 883, 937, 535, 371, 296, 614, 573, 444, 784, 385, 987, 398, 523, 527, 702, 227, 413, 259, 981, 128, 888, 268, 122, 280, 128, 674, 580, 174, 172, 198, 960, 884, 583, 977, 501, 902, 429, 808, 255, 123, 476, 155, 489, 612, 485, 741, 950, 167, 499, 651, 515, 276, 306, 111, 486, 560, 408, 993, 404, 533, 872, 419, 996, 143, 289, 611, 189, 769, 330, 148, 465, 357, 437, 995, 634, 249, 531, 846, 818, 516, 616, 150, 576, 384, 948, 177, 950, 598, 338, 424, 556, 529, 639, 192, 378, 512, 264], 45: [218, 426, 867, 473, 418, 353, 771, 345, 995, 834, 652, 688, 552, 640, 431, 468, 934, 610, 854, 100, 419, 878, 137, 861, 319, 554, 224, 746, 948, 388, 934, 741, 977, 809, 910, 498, 638, 921, 672, 389, 206, 785, 570, 342, 130, 143, 969, 162, 351, 780, 427, 260, 850, 185, 560, 450, 572, 844, 225, 896, 777, 548, 989, 384, 441, 463, 423, 382, 561, 487, 261, 430, 486, 435, 183, 925, 402, 897, 316, 894, 709, 661, 269, 530, 861, 513, 596, 547, 972, 819, 146, 826, 280, 679, 927, 703, 130, 534, 979, 345, 159, 710, 366, 275, 233, 422, 393, 253, 792, 162, 957, 470, 434, 148, 939, 707, 135, 718, 845, 155, 123, 673, 834, 760, 840, 345, 444, 446, 850, 425, 189, 440, 648, 756, 256, 981, 283, 246, 288, 101, 879, 973, 296, 340, 794, 944, 858, 391, 107, 740, 530, 176, 829, 255, 230, 317, 681, 460, 397, 954, 444, 684, 415, 739, 561, 972, 405, 669, 195, 636, 137, 581, 606, 160, 467, 227, 130, 401, 577, 191, 911, 402, 452, 988, 102, 170, 147, 925, 474, 858, 478, 300, 378, 923, 735, 837, 257, 179, 151, 127, 666, 806, 985, 257, 128, 136, 934, 600, 482, 158, 308, 716, 238, 247, 552, 964, 311, 133, 614, 861, 813, 841, 600, 719, 788, 371, 404, 629, 781, 241, 775, 226, 955, 333, 498, 760, 982, 448, 141, 177, 134, 648, 827, 156, 853, 192, 941, 365, 632, 907, 331, 950, 622, 456, 984, 721, 911, 754, 662, 109, 601, 443, 391, 595, 861, 972, 616, 297, 961, 310, 553, 675, 353, 839, 861, 187, 135, 783, 260, 498, 839, 813, 478, 659, 961, 768, 916, 574, 577], 46: [735, 828, 932, 612, 609, 668, 603, 488, 364, 376, 877, 286, 962, 354, 234, 983, 495, 333, 135, 268, 420, 292, 972, 283, 704, 434, 525, 821, 203, 934, 638, 933, 152, 136, 327, 995, 354, 896, 324, 494, 840, 201, 862, 819, 815, 503, 490, 421, 160, 329, 417, 397, 469, 105, 800, 680, 690, 908, 511, 999, 116, 619, 552, 765, 227, 207, 566, 514, 691, 214, 299, 518, 885, 433, 455, 455, 370, 454, 456, 122, 769, 266, 370, 373, 931, 422, 665, 910, 434, 713, 119, 703, 401, 314, 305, 959, 598, 253, 218, 520, 525, 281, 680, 272, 828, 372, 990, 328, 717, 287, 806, 541, 441, 646, 213, 259, 446, 727, 455, 454, 997, 902, 183, 956, 741, 311, 871, 579, 695, 446, 887, 349, 589, 225, 914, 598, 361, 742, 797, 960, 147, 734, 506, 191, 534, 200, 853, 437, 416, 802, 263, 294, 921, 984, 441, 914, 534, 255, 246, 791, 591, 178, 901, 167, 697, 277, 751, 798, 339, 645, 449, 353, 861, 682, 231, 379, 132, 416, 730, 642, 222, 996, 503, 219, 848, 510, 455, 411, 949, 157, 463, 172, 798, 867, 323, 195, 239, 417, 247, 973, 619, 561, 365, 712, 451, 168, 155, 767, 864, 641, 308, 665, 711, 392, 830, 535, 345, 762, 167, 733, 177, 772, 930, 180, 757, 131, 343, 475, 766, 646, 447, 487, 852, 417, 231, 317, 536, 241, 759, 868, 730, 736, 713, 497, 595, 843, 994, 648, 925, 844, 197, 163, 848, 282, 379, 320, 214, 487, 329, 485, 700, 350, 617, 274, 171, 771, 839, 775, 115, 220, 756, 337, 306, 144, 388, 834, 580, 427, 317, 767, 978, 635, 900, 527, 910, 141, 934, 144, 518], 47: [928, 954, 352, 934, 125, 374, 834, 115, 530, 344, 989, 962, 558, 804, 469, 474, 265, 196, 458, 809, 265, 584, 747, 318, 218, 265, 271, 441, 843, 881, 421, 213, 733, 981, 889, 502, 524, 541, 550, 774, 407, 143, 570, 694, 665, 538, 601, 139, 752, 547, 456, 171, 387, 768, 634, 894, 972, 304, 978, 527, 600, 637, 423, 499, 910, 776, 983, 540, 508, 278, 840, 137, 894, 957, 607, 693, 943, 843, 884, 178, 350, 372, 315, 375, 836, 521, 403, 831, 878, 535, 182, 259, 588, 880, 432, 528, 843, 776, 760, 700, 172, 727, 342, 406, 141, 469, 303, 791, 342, 125, 283, 422, 153, 521, 360, 391, 647, 103, 141, 551, 468, 120, 110, 894, 390, 453, 183, 938, 838, 999, 574, 381, 359, 239, 927, 324, 902, 703, 961, 405, 812, 223, 776, 312, 492, 943, 156, 104, 851, 266, 127, 178, 229, 948, 582, 528, 651, 734, 560, 912, 342, 698, 657, 996, 371, 138, 785, 663, 469, 895, 579, 218, 488, 950, 259, 292, 866, 438, 652, 742, 565, 610, 915, 180, 557, 121, 528, 560, 349, 640, 224, 932, 781, 194, 427, 770, 264, 463, 195, 105, 660, 107, 668, 558, 898, 624, 346, 745, 283, 590, 645, 333, 543, 509, 148, 421, 313, 323, 807, 591, 803, 459, 709, 885, 454, 724, 667, 420, 788, 235, 253, 368, 349, 952, 187, 501, 985, 121, 934, 415, 947, 138, 906, 932, 341, 307, 357, 715, 316, 412, 412, 335, 589, 642, 576, 504, 557, 722, 611, 568, 803, 162, 834, 116, 843, 276, 239, 996, 303, 898, 408, 264, 148, 587, 640, 521, 517, 498, 555, 294, 493, 146, 693, 456, 246, 954, 490, 342, 674], 48: [424, 787, 813, 674, 308, 417, 782, 541, 947, 250, 273, 317, 408, 955, 706, 766, 284, 583, 601, 255, 472, 111, 878, 254, 251, 862, 532, 764, 206, 143, 702, 269, 284, 957, 753, 965, 894, 926, 304, 881, 665, 768, 144, 739, 807, 885, 211, 271, 370, 940, 412, 969, 415, 456, 321, 794, 730, 312, 935, 777, 532, 959, 327, 112, 696, 348, 672, 319, 763, 963, 741, 439, 611, 261, 355, 747, 194, 993, 541, 625, 826, 453, 779, 226, 806, 218, 338, 677, 587, 355, 849, 822, 954, 884, 761, 702, 624, 754, 382, 214, 316, 621, 680, 472, 188, 740, 665, 708, 599, 458, 707, 708, 974, 155, 396, 752, 993, 998, 986, 552, 173, 229, 649, 722, 131, 971, 102, 126, 969, 808, 454, 944, 691, 829, 890, 764, 259, 842, 700, 860, 607, 706, 586, 130, 312, 723, 601, 964, 180, 695, 880, 162, 117, 200, 994, 113, 453, 102, 834, 412, 232, 128, 773, 580, 504, 198, 104, 500, 509, 487, 193, 946, 511, 920, 199, 637, 287, 237, 330, 215, 778, 918, 757, 180, 770, 272, 395, 790, 957, 218, 413, 913, 715, 617, 347, 920, 720, 761, 453, 804, 247, 138, 675, 959, 342, 589, 902, 858, 549, 935, 540, 801, 637, 564, 218, 413, 116, 521, 864, 746, 268, 562, 286, 893, 259, 195, 358, 597, 798, 436, 677, 975, 706, 530, 126, 647, 414, 436, 486, 837, 697, 441, 688, 866, 363, 496, 878, 113, 975, 262, 129, 154, 630, 406, 125, 499, 739, 174, 314, 503, 846, 560, 266, 274, 617, 422, 153, 324, 575, 526, 494, 947, 641, 788, 301, 215, 330, 610, 209, 544, 744, 414, 336, 340, 278, 842, 833, 128, 911], 49: [707, 125, 350, 774, 594, 610, 780, 991, 291, 189, 711, 937, 164, 227, 604, 347, 741, 433, 802, 769, 458, 599, 101, 111, 222, 553, 223, 347, 640, 713, 899, 243, 251, 536, 503, 538, 649, 868, 153, 910, 873, 932, 751, 514, 476, 419, 802, 644, 227, 870, 631, 135, 849, 119, 689, 525, 324, 917, 174, 843, 859, 615, 542, 623, 776, 848, 723, 345, 167, 428, 632, 232, 837, 252, 673, 285, 122, 186, 614, 926, 386, 113, 808, 926, 411, 681, 643, 300, 261, 290, 547, 654, 105, 588, 922, 703, 805, 286, 724, 745, 437, 771, 882, 420, 964, 958, 152, 779, 689, 689, 755, 257, 922, 521, 843, 486, 630, 931, 133, 608, 863, 715, 187, 555, 808, 936, 837, 443, 996, 548, 168, 880, 794, 160, 398, 583, 280, 580, 641, 997, 688, 533, 988, 529, 569, 933, 783, 273, 429, 268, 103, 813, 116, 299, 140, 335, 453, 558, 344, 897, 971, 192, 102, 386, 770, 483, 492, 418, 510, 255, 612, 597, 611, 192, 785, 855, 937, 328, 819, 884, 511, 157, 385, 660, 339, 903, 292, 782, 477, 313, 370, 821, 666, 812, 939, 567, 101, 743, 523, 773, 297, 741, 183, 679, 386, 430, 781, 346, 414, 379, 816, 778, 318, 688, 445, 457, 225, 433, 821, 714, 225, 611, 333, 833, 319, 622, 500, 409, 677, 926, 856, 386, 575, 469, 484, 105, 928, 760, 197, 374, 340, 727, 514, 227, 824, 480, 295, 266, 102, 797, 108, 810, 487, 149, 451, 694, 862, 992, 276, 681, 177, 173, 771, 146, 537, 331, 695, 500, 476, 191, 503, 396, 527, 938, 322, 449, 124, 190, 656, 477, 606, 136, 931, 842, 664, 649, 364, 752, 912], 50: [433, 417, 346, 106, 558, 169, 307, 551, 431, 660, 687, 706, 614, 736, 470, 220, 835, 521, 165, 843, 645, 845, 691, 739, 898, 383, 428, 290, 975, 731, 308, 555, 351, 160, 808, 768, 744, 225, 135, 351, 909, 772, 537, 825, 994, 920, 439, 296, 347, 859, 316, 743, 685, 972, 240, 273, 188, 692, 101, 384, 371, 722, 740, 110, 670, 112, 141, 500, 290, 160, 122, 692, 590, 547, 693, 511, 111, 399, 237, 777, 756, 600, 143, 881, 131, 189, 801, 854, 728, 657, 708, 341, 912, 692, 443, 571, 432, 994, 225, 389, 435, 677, 566, 877, 425, 517, 581, 712, 742, 927, 939, 567, 478, 622, 402, 651, 435, 345, 221, 694, 155, 704, 597, 974, 666, 167, 629, 431, 592, 173, 884, 694, 729, 464, 820, 885, 422, 144, 308, 659, 836, 985, 165, 678, 673, 946, 251, 534, 499, 815, 783, 503, 148, 761, 735, 240, 871, 474, 285, 219, 417, 324, 840, 823, 672, 272, 228, 887, 633, 284, 643, 455, 163, 179, 505, 620, 572, 860, 163, 776, 354, 461, 162, 109, 301, 420, 429, 499, 380, 817, 811, 409, 656, 568, 790, 164, 696, 948, 577, 420, 121, 940, 611, 845, 946, 612, 622, 226, 564, 970, 117, 994, 714, 991, 431, 726, 330, 284, 874, 887, 718, 265, 448, 146, 375, 809, 232, 309, 341, 822, 696, 715, 558, 771, 325, 553, 472, 387, 756, 892, 777, 805, 363, 731, 985, 801, 279, 196, 398, 816, 230, 375, 945, 969, 914, 774, 845, 391, 766, 242, 736, 692, 281, 478, 162, 165, 485, 309, 115, 977, 841, 782, 404, 898, 158, 466, 485, 950, 171, 635, 965, 734, 674, 510, 768, 453, 604, 535, 245]}
[462, 967, 257, 515, 557, 580, 523, 614, 756, 659, 540, 262, 179, 215, 706, 594, 743, 276, 699, 105, 983, 692, 672, 327, 575, 361, 407, 977, 203, 330, 917, 832, 480, 448, 731, 894, 976, 141, 387, 738, 387, 302, 600, 128, 861, 455, 843, 218, 386, 692]
cb_0 = make_checkbox()
cb_1 = make_checkbox()
cb_2 = make_checkbox()
cb_3 = make_checkbox()
cb_4 = make_checkbox()
cb_5 = make_checkbox()
cb_6 = make_checkbox()
cb_7 = make_checkbox()
cb_8 = make_checkbox()
cb_9 = make_checkbox()
cb_10 = make_checkbox()
cb_11 = make_checkbox()
cb_12 = make_checkbox()
cb_13 = make_checkbox()
cb_14 = make_checkbox()
cb_15 = make_checkbox()
cb_16 = make_checkbox()
cb_17 = make_checkbox()
cb_18 = make_checkbox()
cb_19 = make_checkbox()
cb_20 = make_checkbox()
cb_21 = make_checkbox()
cb_22 = make_checkbox()
cb_23 = make_checkbox()
cb_24 = make_checkbox()
cb_25 = make_checkbox()
cb_26 = make_checkbox()
cb_27 = make_checkbox()
cb_28 = make_checkbox()
cb_29 = make_checkbox()
cb_30 = make_checkbox()
cb_31 = make_checkbox()
cb_32 = make_checkbox()
cb_33 = make_checkbox()
cb_34 = make_checkbox()
cb_35 = make_checkbox()
cb_36 = make_checkbox()
cb_37 = make_checkbox()
cb_38 = make_checkbox()
cb_39 = make_checkbox()
cb_40 = make_checkbox()
cb_41 = make_checkbox()
cb_42 = make_checkbox()
cb_43 = make_checkbox()
cb_44 = make_checkbox()
cb_45 = make_checkbox()
cb_46 = make_checkbox()
cb_47 = make_checkbox()
cb_48 = make_checkbox()
cb_49 = make_checkbox()
cb_50 = make_checkbox()
cb_51 = make_checkbox()
cb_52 = make_checkbox()
cb_53 = make_checkbox()
cb_54 = make_checkbox()
cb_55 = make_checkbox()
cb_56 = make_checkbox()
cb_57 = make_checkbox()
cb_58 = make_checkbox()
cb_59 = make_checkbox()
cb_60 = make_checkbox()
cb_61 = make_checkbox()
cb_62 = make_checkbox()
cb_63 = make_checkbox()
cb_64 = make_checkbox()
cb_65 = make_checkbox()
cb_66 = make_checkbox()
cb_67 = make_checkbox()
cb_68 = make_checkbox()
cb_69 = make_checkbox()
cb_70 = make_checkbox()
cb_71 = make_checkbox()
cb_72 = make_checkbox()
cb_73 = make_checkbox()
cb_74 = make_checkbox()
cb_75 = make_checkbox()
cb_76 = make_checkbox()
cb_77 = make_checkbox()
cb_78 = make_checkbox()
cb_79 = make_checkbox()
cb_80 = make_checkbox()
cb_81 = make_checkbox()
cb_82 = make_checkbox()
cb_83 = make_checkbox()
cb_84 = make_checkbox()
cb_85 = make_checkbox()
cb_86 = make_checkbox()
cb_87 = make_checkbox()
cb_88 = make_checkbox()
cb_89 = make_checkbox()
cb_90 = make_checkbox()
cb_91 = make_checkbox()
cb_92 = make_checkbox()
cb_93 = make_checkbox()
cb_94 = make_checkbox()
cb_95 = make_checkbox()
cb_96 = make_checkbox()
cb_97 = make_checkbox()
cb_98 = make_checkbox()
cb_99 = make_checkbox()
cb_100 = make_checkbox()
cb_101 = make_checkbox()
cb_102 = make_checkbox()
cb_103 = make_checkbox()
cb_104 = make_checkbox()
cb_105 = make_checkbox()
cb_106 = make_checkbox()
cb_107 = make_checkbox()
cb_108 = make_checkbox()
cb_109 = make_checkbox()
cb_110 = make_checkbox()
cb_111 = make_checkbox()
cb_112 = make_checkbox()
cb_113 = make_checkbox()
cb_114 = make_checkbox()
cb_115 = make_checkbox()
cb_116 = make_checkbox()
cb_117 = make_checkbox()
cb_118 = make_checkbox()
cb_119 = make_checkbox()
cb_120 = make_checkbox()
cb_121 = make_checkbox()
cb_122 = make_checkbox()
cb_123 = make_checkbox()
cb_124 = make_checkbox()
cb_125 = make_checkbox()
cb_126 = make_checkbox()
cb_127 = make_checkbox()
cb_128 = make_checkbox()
cb_129 = make_checkbox()
cb_130 = make_checkbox()
cb_131 = make_checkbox()
cb_132 = make_checkbox()
cb_133 = make_checkbox()
cb_134 = make_checkbox()
cb_135 = make_checkbox()
cb_136 = make_checkbox()
cb_137 = make_checkbox()
cb_138 = make_checkbox()
cb_139 = make_checkbox()
cb_140 = make_checkbox()
cb_141 = make_checkbox()
cb_142 = make_checkbox()
cb_143 = make_checkbox()
cb_144 = make_checkbox()
cb_145 = make_checkbox()
cb_146 = make_checkbox()
cb_147 = make_checkbox()
cb_148 = make_checkbox()
cb_149 = make_checkbox()
cb_150 = make_checkbox()
cb_151 = make_checkbox()
cb_152 = make_checkbox()
cb_153 = make_checkbox()
cb_154 = make_checkbox()
cb_155 = make_checkbox()
cb_156 = make_checkbox()
cb_157 = make_checkbox()
cb_158 = make_checkbox()
cb_159 = make_checkbox()
cb_160 = make_checkbox()
cb_161 = make_checkbox()
cb_162 = make_checkbox()
cb_163 = make_checkbox()
cb_164 = make_checkbox()
cb_165 = make_checkbox()
cb_166 = make_checkbox()
cb_167 = make_checkbox()
cb_168 = make_checkbox()
cb_169 = make_checkbox()
cb_170 = make_checkbox()
cb_171 = make_checkbox()
cb_172 = make_checkbox()
cb_173 = make_checkbox()
cb_174 = make_checkbox()
cb_175 = make_checkbox()
cb_176 = make_checkbox()
cb_177 = make_checkbox()
cb_178 = make_checkbox()
cb_179 = make_checkbox()
cb_180 = make_checkbox()
cb_181 = make_checkbox()
cb_182 = make_checkbox()
cb_183 = make_checkbox()
cb_184 = make_checkbox()
cb_185 = make_checkbox()
cb_186 = make_checkbox()
cb_187 = make_checkbox()
cb_188 = make_checkbox()
cb_189 = make_checkbox()
cb_190 = make_checkbox()
cb_191 = make_checkbox()
cb_192 = make_checkbox()
cb_193 = make_checkbox()
cb_194 = make_checkbox()
cb_195 = make_checkbox()
cb_196 = make_checkbox()
cb_197 = make_checkbox()
cb_198 = make_checkbox()
cb_199 = make_checkbox()
cb_200 = make_checkbox()
cb_201 = make_checkbox()
cb_202 = make_checkbox()
cb_203 = make_checkbox()
cb_204 = make_checkbox()
cb_205 = make_checkbox()
cb_206 = make_checkbox()
cb_207 = make_checkbox()
cb_208 = make_checkbox()
cb_209 = make_checkbox()
cb_210 = make_checkbox()
cb_211 = make_checkbox()
cb_212 = make_checkbox()
cb_213 = make_checkbox()
cb_214 = make_checkbox()
cb_215 = make_checkbox()
cb_216 = make_checkbox()
cb_217 = make_checkbox()
cb_218 = make_checkbox()
cb_219 = make_checkbox()
cb_220 = make_checkbox()
cb_221 = make_checkbox()
cb_222 = make_checkbox()
cb_223 = make_checkbox()
cb_224 = make_checkbox()
cb_225 = make_checkbox()
cb_226 = make_checkbox()
cb_227 = make_checkbox()
cb_228 = make_checkbox()
cb_229 = make_checkbox()
cb_230 = make_checkbox()
cb_231 = make_checkbox()
cb_232 = make_checkbox()
cb_233 = make_checkbox()
cb_234 = make_checkbox()
cb_235 = make_checkbox()
cb_236 = make_checkbox()
cb_237 = make_checkbox()
cb_238 = make_checkbox()
cb_239 = make_checkbox()
cb_240 = make_checkbox()
cb_241 = make_checkbox()
cb_242 = make_checkbox()
cb_243 = make_checkbox()
cb_244 = make_checkbox()
cb_245 = make_checkbox()
cb_246 = make_checkbox()
cb_247 = make_checkbox()
cb_248 = make_checkbox()
cb_249 = make_checkbox()
cb_250 = make_checkbox()
cb_251 = make_checkbox()
cb_252 = make_checkbox()
cb_253 = make_checkbox()
cb_254 = make_checkbox()
cb_255 = make_checkbox()
cb_256 = make_checkbox()
cb_257 = make_checkbox()
cb_258 = make_checkbox()
cb_259 = make_checkbox()
cb_260 = make_checkbox()
cb_261 = make_checkbox()
cb_262 = make_checkbox()
cb_263 = make_checkbox()
cb_264 = make_checkbox()
cb_265 = make_checkbox()
cb_266 = make_checkbox()
cb_267 = make_checkbox()
cb_268 = make_checkbox()
cb_269 = make_checkbox()
cb_270 = make_checkbox()
cb_271 = make_checkbox()
cb_272 = make_checkbox()
cb_273 = make_checkbox()
cb_274 = make_checkbox()
cb_275 = make_checkbox()
cb_276 = make_checkbox()
cb_277 = make_checkbox()
cb_278 = make_checkbox()
cb_279 = make_checkbox()
cb_280 = make_checkbox()
cb_281 = make_checkbox()
cb_282 = make_checkbox()
cb_283 = make_checkbox()
cb_284 = make_checkbox()
cb_285 = make_checkbox()
cb_286 = make_checkbox()
cb_287 = make_checkbox()
cb_288 = make_checkbox()
